0.0658654716751878
0.08050226006195
0.0243498827136134
0.0837508360873698
0.0181366327004189
0.0955589283344439
0.000628579785150639
0.128540007851283
0.126256944783421
0.112104490222134
0.0491856520535906
0.0638163407192561
0.0529302615731896
0.00652530314168691
-0.013570626529228
0.0986107390967767
0.072746235798762
0.124540860505398
0.0323625514155079
-0.00534944489686664
0.072007161081464
0.0309273447233479
0.113108627055405
0.0136706803531071
0.121455797686368
0.0929168476710337
0.0485438634037742
0.0419145558970416
0.0937187366660358
0.125736107847374
0.0847774457920291
0.113646922735534
0.00508001037139856
0.00378952050815838
0.072681107836339
-1.93976056281467E-05
0.113906810726918
0.0242611897860923
0.100932759623351
0.0792625376637112
0.0592674329639252
0.0805736423636681
0.0685592572290927
0.0565856915876179
0.106274742891865
0.0724518615741009
0.146390203253679
0.0915776582935276
0.0473949769594883
0.102748778949494
0.144880230036684
0.00762406024937542
0.08420626782476
0.0310218592628083
0.0927873098846635
0.118783964307869
0.0897219571932188
0.0760595207935112
0.0741667808973802
0.103093668870888
0.0351070029079481
0.00406305206353455
0.0902954800720592
0.138273571762158
0.136797366032884
0.0144916501007224
0.141528563355284
0.171630387745206
0.137422418676428
0.100480194363502
0.143076928202886
0.116521487791702
0.0769476043359902
0.0659144014319818
0.160192394925348
0.178531225222321
-0.0203236720401913
0.0115345773644149
0.10361865701936
0.0654869533389403
0.0374660383666957
0.0362799644021338
0.0963798421345045
0.114255362093502
0.158165024375758
0.198444040249776
0.0823087936542898
0.123941203045325
0.180482629269063
0.20815546098561
0.145711943377041
0.142199502798677
0.0585079531455011
0.0113232658153972
0.0415040017106632
0.0235110177487044
0.140600445060983
0.0689408912599933
-0.0518592129655937
0.0611710162310316
0.0447377562436419
0.0296154463978568
0.126687299043997
0.108044613293042
0.152768650122881
0.155432931591684
0.0822356565609249
0.0490688967492623
0.1264502471264
0.116770209367285
0.164012047804838
0.164043649313068
0.0494244413166942
0.100107210342059
0.0846652012176118
0.0436401664364903
0.10627456574981
0.0677720344740202
0.169651546660781
0.0109919863807497
-0.0109151046757959
0.104144362013936
0.0524711166321555
0.0474584957028004
-0.02295431500804
0.0837268153101037
0.0996040317002435
0.105250574716101
0.223770795999957
0.0928765049076833
0.212028011332689
0.1450292487828
0.127900842968579
0.124083093042939
-0.00866728201249756
0.0102295375900077
0.177025199946777
0.112866746031921
0.110597973313446
0.0105987529400597
0.0498192430125252
0.185710359818057
0.015676538864294
0.0656035363471545
0.059147353556875
0.0833635817651592
0.170554510481181
0.200541188054626
0.258519721134317
0.181241610004315
0.171150071794249
0.170228841483454
0.118247130679507
0.0874482822176365
0.212390676128079
0.173086931657955
0.168917147565446
0.146148270351791
-0.0136996394591556
0.0548434767649589
0.0842039346457564
0.174581518558321
0.0731791049185856
0.111816889987586
0.156156144464976
0.181066339498362
0.126181617557212
0.127487214401594
0.223868347497674
0.0736770298927879
0.231565389928413
0.256487937685724
0.14411182429892
0.148967899204833
0.195537606824026
0.144870115054767
0.14410716965913
0.0955243599239778
0.219990313100306
0.10382318644182
-0.00873684866692128
0.0502946712534382
0.0206509045726932
0.0705936759349552
0.140801256126053
0.135232672499911
0.0694528137250399
0.12450081505571
0.202046910026265
0.148368964299265
0.100493095167924
0.0461155500558216
0.0128390346163776
0.143460469276579
0.0918591201088032
0.0980731559197749
0.10164148742358
0.110186595159921
0.116672958890593
0.0532343238248301
0.0116386630344254
0.00876015280576028
-0.0812813733454646
0.0303950244444446
0.0697321927371045
-0.0052654301245716
0.117957915439296
0.108631089392834
0.224513222046453
0.151689737336356
0.150145897432879
0.148207613621231
0.0509240625099194
0.128197920374704
0.149531884607649
0.0476076006744305
0.138387966276815
0.158704960306829
0.13279853061905
0.0208777453405077
0.0792944268048321
0.0920186920449282
0.0772613084009484
0.0867869852745465
0.15954791793627
0.0833089065556299
0.153092169817558
0.111791226122282
0.114752936431269
0.140273566183912
0.139471540928703
0.142805512356097
0.138172318363671
0.00762535952796018
-0.0546213314320633
0.13966671944567
0.0698227189695882
0.0636408489320917
0.0753962610585644
-0.0350969624466125
0.0809277303675968
0.106002925450996
0.0886657413819607
0.106001961052208
0.0948018249468057
0.133273565221446
0.0811669470720409
0.127143955864971
0.209175806156976
0.132923772194324
0.185362515523735
0.103705930388792
0.132981667461695
0.0708222607205433
0.0863788209543134
-0.00573007209639326
0.0975982797008225
0.106809625394469
0.0115808511832524
0.0579393861017104
0.146774324561315
0.0168843693284615
0.0567563477612885
0.0963204159064413
0.0230513270986027
0.119803740970496
0.11754164096606
0.0916114249994523
0.132082433577543
0.129896784087862
0.175845487979149
0.127298305325
0.0591107757648057
0.142291088521603
0.0464484881223005
0.0364789891542245
0.0200624738135546
0.0318605891376464
0.0780832314936388
0.0740343524607947
0.0233164807896085
0.080530327156775
0.137962988925461
0.163449144417121
0.177182436220128
0.0880910954150579
0.117409381960475
0.0125804705624009
0.163607530061906
0.0934334419353858
0.0534308658310551
0.0881519208207415
0.20069765947459
0.0246452766292047
0.0753547278231869
0.0150018040854525
-0.0242153736779675
0.0781367523086826
0.00689403891222137
0.0701287456295973
0.0854304657953348
0.0895108041742539
0.0869126995204663
0.0996857823020568
-0.00049366932644687
0.0567126742712579
0.0279978670989642
-0.000427927029006079
0.0872164410268327
0.0720572279317343
0.149434381883759
0.0959039648485991
0.0151293707636863
0.042643432073638
0.0569304816266069
0.0404246276537991
0.064054316479438
0.130859157957163
0.0733886383536146
0.0624898874627268
0.113762814271564
-0.00477412704766122
0.105057200927428
0.0901256631618872
0.0615324254091407
0.0806157505031806
0.0735436687370523
0.0333567073551833
0.126289017440793
0.0315480926944313
0.189501957918706
0.135810345316274
0.0537805634965591
0.0395663212184764
0.201145971066301
0.147661477268256
0.0936107923759747
0.0420820453764321
0.0354928423681204
0.0120518129642239
0.0922299423599599
0.0284288246294408
0.0889736753531838
0.102885747650784
0.0368272242882803
0.102449835389114
-0.0425860076594418
0.0961447365036071
0.109247538634925
0.120307889760253
0.0591303712420794
0.100738800050875
0.0801751025405742
0.0913340632947814
0.0954825984424827
0.060734782152761
0.0579862838758562
0.0784782680104606
0.0554442027857363
0.0641431661267587
0.0875127776851935
0.0304447229335334
0.0520939876386892
0.00801792216904449
0.138506089063029
0.13494566031303
0.0442258867528082
0.073229696503163
-0.00357689504299985
0.0584389650532709
0.0847545467612494
0.0760794524314009
0.0148658065307601
0.0662889405395052
0.00904620852958725
0.0504278252741004
0.127893387164069
0.074270120855852
0.0410242719409054
0.0413484683664818
0.0253483603562598
0.0431241870450023
0.0710997583763995
0.164457432468718
0.114954021591332
0.0153414595774744
-0.0131522365119166
0.0327133273550144
0.0785978896425069
0.045138331918374
0.0792677457074266
0.00592911166736615
0.0951649935125022
0.111011845923503
0.072464663771741
0.0450124953370159
0.0253058435452221
-0.0273504726154562
0.120143857145939
0.0641906209896158
0.0137990403981902
-0.123177369063123
0.0523681828557851
0.10737887075251
0.0551148414192964
-0.0390391788126653
-0.00403986281600814
-0.00754389589836728
0.43956521627395
0.534473614892108
0.544921346507704
0.413413430790823
0.445704642274189
0.326584380091631
-0.0405337127868396
-0.0864067366752178
-0.14081331501616
-0.152533702091127
0.0507442253412419
-0.118248806810734
-0.02650185439378
-0.0841733035195525
-0.301780928419442
-0.0323378168038121
-0.0191302116980324
-0.413722706906296
-0.249805697024095
-0.130769118803921
0.408579563118855
0.466348187851433
0.0338351256498559
-0.150223143683874
0.241408014012741
0.168620407578455
-0.436271972986946
-0.119791133520854
-0.378284538824986
0.077958557599022
-0.171716218645505
0.115668474572117
0.113162074108992
0.129005886900756
-0.381116217525462
-0.397504870161257
-0.184758119543159
-0.0693504169008189
-0.216196338146247
-0.0795221789107751
0.350928743265581
-0.00656050531508354
0.0135489310644579
0.0994999776280637
0.535818503017312
0.171586209256767
-0.312068591518646
-0.268956912954164
-0.418805956991351
0.048511765875214
0.0159015952800928
0.0702039734574959
0.114625312664837
0.203451322672121
-0.0984407374881635
-0.240252316579897
-0.333622043141287
0.350028703013614
0.19656182532162
0.195275927334708
0.262517613295979
-0.282136917260307
-0.1295267522595
0.0224803098531174
0.707570550722342
0.0308930853657389
0.150372356462586
-0.309473277030965
0.0519915808387937
0.23102265670349
0.0314461620468253
0.125518544624412
0.112740520837632
0.226335196253035
0.31354848292777
0.450212006354814
-0.228857878330943
-0.310543762523187
0.0528143758717284
0.0706772300138698
0.0915634388699451
-0.0462693176016949
0.272738227798927
-0.370489027790612
0.0559793444924393
-0.311902116117098
-0.145998648113111
0.0560384180378787
0.40873762183185
0.264509305553231
0.059405524962899
-0.0179925861221874
0.0352122709205525
0.184632264074774
0.129324265257644
0.123848411106915
0.404339609682747
0.0557965889956336
0.157981851447281
0.301796846249202
0.0149838103623292
0.384646597201815
0.016015429169037
-0.106288337898071
-0.380293228435954
-0.142109337721129
-0.0524837744735058
0.230831956483713
0.300862047322014
0.22262573071271
-0.117533379982853
-0.0220501468464161
0.11688738281874
-0.144381848121119
0.0528567440451184
0.267348741954833
0.627231755628583
0.207524815529615
-0.19099098187952
0.246693053914291
-0.136454845390649
0.264835351025446
-0.0734022955813121
-0.246403842211728
-0.00144559955752548
-0.146387489662558
0.394566214427999
0.188254555045374
0.0292945987639273
0.00831340589190997
-0.0122665885174258
0.0394989722640058
0.0384041735962301
-0.197264450872512
0.0782395544910989
0.313231700437625
0.276190245972982
0.273173063655573
0.0594103012675211
-0.562671547887595
-0.427490541718612
0.165743265465288
-0.228218028489168
-0.468702714181876
-0.0766813200682528
-0.276958043002405
0.251658897819096
0.219702753053206
-0.281826392560556
-0.363313330868484
-0.047879102719509
0.000596281090217955
-0.296495912369732
0.00358377586767686
-0.163917330220513
-0.0711722548565723
0.286544984227156
-0.00276703126386596
-0.0666540931742321
0.275526386062809
-0.318301989418625
-0.04310569032049
-0.320277645862195
-0.4679277262384
0.346835556116265
0.223310358385067
0.0948119023631297
-0.0635130747263682
0.0811621160990705
-0.218632576642042
-0.168625783892642
-0.209291818757645
0.124789557540833
0.229189743793966
0.221714797455717
0.171605512466812
0.252555423801836
0.281216433618866
0.44308156219608
0.134722862445182
-0.114487660708548
0.167022785685109
0.190810454574073
0.197058556230756
0.396523161292847
0.440442426272141
0.304653267055426
0.215333908668816
0.32813833237733
0.0302914694333703
-0.284528879578596
0.0252132670176706
0.0958047690086316
0.200306487478636
0.231605003138923
0.335047029178799
0.193501569329147
0.420536788107864
0.347612788713741
-0.00729140753622949
-0.340379001154191
0.27987597746801
0.125568222727899
0.421792662226522
0.341814588562045
-0.170844953200426
-0.125396712412229
0.187159802294815
0.0052962627989598
0.100671615297089
0.102698809387614
0.249120642935892
-0.0459981515129913
0.00031753944251556
0.0200920320671506
0.499392850968619
-0.0503348543353993
-0.10306965650735
0.275778535213095
0.333109608721758
0.0385842508432442
0.319354194675214
0.0610476898307304
0.335394032318992
0.297523097671997
0.308656603382875
0.148311674603367
-0.156702536120409
0.0617683497867291
0.0482244544432382
0.168523601929068
0.051378245283382
0.0288960408736173
0.109480852675091
-0.0311992284384682
0.0195558806752638
-0.238588376986386
-0.180308886460252
0.132141247025194
0.162571213744888
-0.0551032111527185
-0.0629083000556393
-0.0580193164284019
0.26274445018653
0.248793476277318
0.134700265072394
-0.23010859494284
0.144382667015791
-0.0533416626386955
0.251416036605036
0.0899401815326808
0.0768354242184803
-0.119849855372891
0.0510941148701717
0.0190277709397376
-0.271114492635266
0.0152071148123597
-0.120355271877107
0.182810471590742
0.172655076301207
-0.0486467932810682
-0.367380282501618
0.0190724976725599
0.222443867900996
0.090650968960202
-0.0380743159025062
0.188346331925119
0.186598156174377
0.246765451275693
-0.00655824716192955
0.191195496397782
0.0398319173522824
-0.212519247616398
-0.0343759518607633
-0.106759185483934
-0.0642862211072928
0.243269448603095
0.177443338003536
0.261600195200994
0.203694472419221
0.0493709464806431
-0.0929551077258469
0.172239706376693
0.112969474944408
0.0512665831655266
0.0175576527532485
-0.212234084665179
0.385637508860143
0.326303349943846
0.0915407075475867
0.154291914167157
0.0595444795706388
-0.155704207987816
-0.0212724839246933
-0.158991814799539
-0.0036660324074894
0.0954258918359482
0.176639608493469
0.0252874669623541
0.0904019932149465
0.0558555810682931
-0.197836546695981
-0.0278620454221692
0.0264624991864873
-0.189655146795806
0.0544454093443883
0.0672973400563857
0.155068774705543
0.536340337280635
0.0792802190410884
0.123033001905509
0.0130354233988243
-0.0276670448240495
-0.201790135720236
-0.109159564611814
0.0152106543172249
-0.114437434403412
0.0349105336677979
-0.336842860511716
0.0835123437442021
-0.109072910672646
0.144150688798487
-0.240283170682829
-0.132064800796339
-0.0819727374041288
0.33091974985187
0.31390683560279
0.180193542772424
0.2272527267219
0.0657161788136245
-0.00750516146623231
0.0746919238124754
-0.00241732439195125
-0.00748020504215293
-0.283747244590291
-0.0929831121328105
-0.0606223907446197
-0.0569966559365774
-0.0551375553521165
0.0231355626508196
0.120547506163202
0.210292806479818
0.126957239097243
-0.327005557760179
0.221859200404018
0.344957417897268
0.513560023757399
0.30249042683107
-0.0739688577905489
-0.13698753233821
0.204596899585064
0.0280199575405132
-0.0522892772545714
-0.29143313105196
-0.25848339998782
0.134240406430188
0.071114605897423
0.234805670371963
0.173994453073324
-0.138834583457913
0.0894935713018879
-0.148880284187817
0.180649708677816
-0.172654934508795
0.448522035374574
0.402037960041008
0.213122707006035
0.179808583943869
0.183104495420458
-0.090433533710715
-0.118304605766468
0.036407797962214
0.0692373063956722
0.0202732293818529
0.0230785860911027
-0.0120875557384113
0.13185853424292
0.221057591714081
0.0783564634392462
0.0767062387853034
0.0610309020173935
-0.214095741680416
-0.153077655518456
0.160553333474425
0.171725359376129
0.158498276741891
0.145250586962418
-0.039836290680601
-0.0780948667655818
-0.122753954131636
0.103743326667254
-0.123369047470421
-0.0377062570437455
-0.0992092130770262
-0.0292914118002088
-0.0742694631305779
-0.0105858814455366
0.102775243940933
-0.109290394371729
0.195311876648771
0.0976254878044577
0.448962091387424
0.29700657402841
-0.208036327042129
-0.116749312187153
0.279892092656918
0.219920977950088
-0.189223863135272
-0.123651881532888
-0.102417153052555
0.0801463380829181
-0.0753382508636597
-0.169980734318256
-0.537540799061123
-0.286805021104444
0.529484417957905
0.0614223218911415
0.655900370207202
0.42144800115619
0.341372087186656
0.198462692005206
-0.751279164164306
0.19826644183095
0.356811251389191
0.0627975495561741
-0.592852700131325
-0.40767511213265
-0.703821238675721
-0.37085716343316
-0.58929892226864
-0.580184177738714
-0.183460608445913
-0.0383941253036675
0.0550701516160907
-0.651106663202691
-0.0195968489683149
0.474672533171674
0.246294194934857
1.31484310823069
0.0632726731904576
0.0862895619429316
0.719920430586767
0.0439106557089497
1.10382994236544
0.0340762828250967
-0.430515835089405
-0.665017099939335
-1.16713422222316
-1.0973311621536
-0.806308002255859
-0.680170270433366
-0.142454379740214
0.0442672742271178
-0.191577637908665
-0.844316785568917
-0.712045854745405
-0.596605425820636
0.240088605498609
0.716576282119652
0.828628590650644
0.633800513400529
-0.463712349498311
0.272659879125102
0.250014966037849
1.23376017451449
0.344640174342853
-0.208202011455854
-1.01028086862912
-0.733772825802507
-0.516220387718013
-0.61004323446547
-0.222586937196602
0.118263255167519
-0.0431793741775922
0.124838679266456
-0.0683028566754941
-0.20161663132413
0.00267174882744154
0.537619519365962
-0.0450907736323333
-0.114764291758163
-0.373062878100423
-0.367606987493439
-0.51910638425705
-0.184125035077743
0.176891429125851
-0.36592042023023
-0.746818420787347
-0.169170838993324
-0.221900602203355
-0.346026956201288
-0.00875528418238762
0.316974023011149
0.144896486715101
0.107131686822279
-0.0493263640980367
0.355409053089543
-0.16746258631482
0.298602139309111
0.0215316828201886
-0.442813567163212
-0.466246303264329
-0.110304674282573
-0.165869214922796
-0.301508001988739
1.00526417658933
-0.336169456836264
-0.737186304254419
-0.398315626105539
0.574037240715543
-0.352994238371254
-0.0992301870808893
-0.0671553082775574
-0.183222631102416
0.924299535393951
-0.229897465610467
0.455189462256759
0.387166231035998
0.540789327554868
-0.231306658380073
-0.893349131489109
-0.346566907498242
-0.134412550229778
-0.178523464680821
0.107506093136636
-0.0823395865600997
0.0347611814221139
-0.207826896674993
-0.470577279014599
-0.00403846195817754
-0.28149508400705
-0.164078676762995
0.123451493390407
-0.465816846724781
-0.405213376604977
0.159677048338001
0.581683844123275
0.342019301848456
-0.173865621161535
0.209589426289261
-0.241172380813377
0.102401507297
-0.0767490808339939
0.248134478384293
0.0113551612111763
-0.326814358157102
0.202339653013151
0.649583830537601
-0.31694253296429
0.408664112509637
0.0319041954247942
-0.127717528388672
-0.0217640846011507
-0.0269679953418488
-0.892174290117719
1.11730265016493
0.383155384463778
-0.0618935924982432
-0.00979315832288983
-0.426896421337974
-0.426822780999889
-0.816778787352694
-0.51970223263137
-0.125823889906797
0.172398936694524
-0.717373424218571
0.0384930917958203
-0.109036265288381
0.79467939868953
0.42629568709121
0.127580261808797
-0.494517870530372
0.0845714626176988
-0.644553540094747
0.213574680497143
0.291996202389869
0.67246389437812
0.222654224240053
0.2215031241048
-0.601550515351236
-0.43136988164188
-0.846642838391908
-0.537162083093629
-0.403902585002418
0.0341967308134398
-0.532267232922956
-0.286824393765677
-0.193500898125376
0.247102695377928
0.114908972301337
0.276094298419403
-0.241088178014426
0.0839692064533018
0.0226609167768091
-0.338203380903592
0.207166926024235
0.80146918535778
0.460579803591992
0.477943238120532
0.140799074832348
-0.694140222461622
-0.311806211119887
-0.549278291412741
-0.152487264807828
-0.251915902821935
-0.193234397370005
-0.0574271514702996
-0.191037356358383
-0.159659399367383
-0.108555729715502
0.405849658310357
0.6063819060441
-0.299336002356535
0.0145433404303934
0.119419690670686
0.0775131603391416
-1.14606545025934
0.816339251548657
0.716114918046039
0.0401213708367491
-0.232475839554209
-0.241787363976073
-0.115109608806396
-0.204704986220019
0.124401328348659
0.50103994989347
-0.188538496041708
-0.417429992635553
-0.751071682851908
-0.201324828840678
0.112246789533335
0.356293548897462
0.273481051825265
0.479071519925012
0.713636128441958
0.565588788054554
-0.199399462417166
0.0187311626403998
0.43242089945385
0.0446338837465363
0.0875946932374961
0.412575023818602
0.181585724669327
-0.0163940903391694
0.0357279591258834
-0.00371733841933952
0.445472972418327
-0.273872300813697
0.188686179214069
0.560818617652381
0.311951526065845
0.0288581141824117
-0.472123047721897
0.416036529774833
0.598604909208375
-0.109238907960534
0.43864648878742
0.142032330621112
0.301370293439411
0.668845951244224
0.303894128547523
-0.053371043043969
0.0621132737065686
0.629224659704996
-0.147910175693391
0.541724362817983
0.517671554065894
0.607278120130156
0.458402435844334
0.277130754262281
0.301567059999419
0.0827010773074236
-0.200335683631179
-0.0115652580960383
0.62259968266914
-0.505078725769299
-0.198497909882144
-0.754277479236389
-0.540332817070245
-0.543207919315912
-0.109202693788589
0.204768298963044
0.455034597227185
0.117364535363765
-0.126484602335734
-0.299779391746061
0.253728013502723
0.382002833504756
0.010054556804373
-0.454586009577543
-0.406677892808422
-0.65564920240888
-0.14991239929053
-0.600852725124125
-0.359106001897018
0.0944787626768284
-0.0527115775716314
-0.511053575158533
-0.295670470380157
-0.621106762655347
-0.446842553062432
0.751451161297148
0.671780894983698
-0.21229037964503
0.585544609315371
0.185769495468746
0.227608135097507
0.0379061530537646
0.392417523523439
-0.272006656142239
-0.981547142335874
-0.427602543242114
0.0244844772572583
-0.509821009449753
-0.476856393241926
-0.592909482949081
0.0393647863976732
0.130870517435098
0.661221071205606
0.195804629546628
-0.382803121987425
-1.09930512327112
-1.40472714160817
-0.597117347659901
0.327796386303847
0.942144233484857
-0.0798175329092718
-0.127338654779248
-0.0549472694795095
-0.994413096670911
-0.311838084888746
-0.13943894110125
-0.0633304988813406
-0.821290816152572
-1.03745937868756
-0.930116725244799
-0.105719325573117
0.0214439069962297
0.408533215754958
0.628061936578396
0.0566550352709748
0.161640511538905
-0.201572777319392
0.391166485060798
0.397286563986274
0.0528764501984714
0.139746300143527
0.46014625387975
-0.897075539884333
-0.898080899101476
-0.577565723110003
-0.0834518114265627
-0.0640331907114228
-0.365716681269208
-0.292229049631022
-0.285967552475006
-0.0553212559196979
0.263831574216907
0.281359964469992
0.130905184126849
0.208732655150448
-0.109491219268987
0.171373750753271
0.436397872575652
0.780635419914394
0.327649245410897
-0.641228988492148
-0.920824007416934
-0.612715729392586
-0.566400819333622
-0.658530204948074
-0.109603705486504
0.0477991572483275
0.132936686554447
0.0704706375285764
-0.141496543003973
0.296711326671153
0.120984173297658
-0.427774677946744
-0.246924790330496
-0.347483526392032
-0.897195132307356
-0.18772714700052
0.284003620680966
-0.147505073824318
-0.493693376828639
-0.398524689425893
-0.316564136360507
-0.247405381411444
-0.417004896849013
-0.355303338610271
-0.102363715828321
-0.0182742168659696
0.119859184957487
0.00736583167556761
0.0475747612125977
0.0262301994960822
-0.0415488326424258
0.0734651308156097
0.211629000231233
0.031494119212488
0.130924932697002
0.0318475338642289
0.0598502439628997
0.0505028718241273
0.0583599767741234
0.0826691401777937
0.0943096943570082
0.113508613236842
-0.0278489845563114
-0.0350096529233314
0.0963526190685958
0.0300293565582603
0.118717633118436
0.0849539174608386
0.0235085586662037
0.0954472975479726
0.0634237599854364
0.0464568162725975
0.0653929042324399
0.104793062512775
0.032105049604978
0.120840550734951
0.0538592603869117
0.0735391233323067
0.0353908797446603
0.117600216411205
0.0606700148709249
0.187400958049247
0.117294514016979
0.0981436515741606
0.0476388666983776
0.0339978162388963
0.0911960057955004
0.0899016845811184
0.0475384682255891
0.0394634119236376
0.0884548868150399
0.112240063011074
-0.0579990227580157
0.0473346409649347
0.140905313036496
0.0116406758111108
0.0684878410041217
-9.06652690508097E-05
0.0266093843785194
0.0885890467465302
0.0571771966497463
-0.0274347964280618
0.103097162773315
0.0584993322528699
0.0689134567008758
0.0269245062148778
0.0539804146961176
0.0322005940410904
0.0126202359237282
0.109476395229048
0.114474165561128
0.132185688642302
0.134083295554578
0.075509289687198
0.132459270853456
0.0611690763706759
0.123997113275437
0.0980579285858725
0.0189574722918213
-0.0254971185646454
0.119445804155298
0.100597355187473
-0.00530623968939424
0.0576913732884578
0.0288723048548687
0.0523407018901071
0.112010340834786
0.0577200144623407
0.0216370031167161
0.0671598202471611
0.107544581331987
0.163534146480209
0.194365538312736
0.143423397627138
0.123157528754356
0.0749233918150787
0.135579050668305
0.168251918589119
0.0423639883185053
0.0650553873930027
0.118794791053574
0.0304800523651024
0.0307261118458218
0.0273015303675892
-0.0381822729345431
0.00889107528869293
0.0301886213420406
0.0308481445628098
0.134265286685801
0.0424768824957013
0.144966791070343
0.114752351341576
0.12207900363789
0.10236744799558
0.16210636844982
0.0992153885760251
0.126773593499534
0.120935765772829
0.0596454919417424
0.161087185908242
0.0145889958402664
0.0747531677207704
-0.0250306467523756
0.0808435336923187
0.0753037562195559
0.00443214823398723
0.140138056791241
0.103263290328433
0.0692807222824083
0.141614699014289
0.0727800906972422
0.107229514763619
0.0989216804110038
0.139313288428086
0.105511851507994
0.203148842508332
0.0632938188423473
0.152752209520111
0.0548440891459171
0.113319880902188
0.0797973999583446
0.101941291732941
0.0475857199389734
0.0169370147671734
0.0529912023808601
0.102628309911782
0.122798470238299
0.0878924336233053
0.0377565285225809
0.0966039911400008
0.167306689760883
0.135430252400808
0.211073760767501
0.198629846504628
0.106627226902252
0.183221287131359
0.142797224479191
0.163718418585976
0.159176334449182
0.153527419463426
0.0284962557522678
0.161112750205109
0.145982367946348
0.0883442739275261
0.0784693522128435
0.175548465799839
0.0147391181004997
0.211970851633709
0.0744937893470971
0.0960075964296645
0.0710283076454747
0.115755769168578
0.199484519026761
0.226136024285362
0.119155308302768
0.0855201027894521
0.274540559810885
0.137318737695092
0.193785727386542
0.142768016432586
0.0936038062143101
0.145796419462499
0.110157910625946
0.0788174402803527
0.16305057564516
-0.00190963434124711
0.0857212818646849
0.116743082494128
0.117506800219648
0.0927718233835812
0.0886602037122189
0.120905160751061
0.119585612999804
0.0597471434118343
0.0322177316801009
0.165191345829396
0.137313838709962
0.0200146501679819
0.0885433737513645
0.103547417655763
0.120273117823802
0.0774525817671366
0.0480077566149133
0.147869776485678
0.0166728592591231
-0.0114085960268815
-0.040841799046362
0.0989983093135186
0.122764395109735
0.0180431071101192
0.037251508057826
0.0925098884271045
0.156546838039382
0.217246855199453
0.145108397168363
0.121594997671014
0.122609275269268
0.065656368308175
0.108036667914119
0.16612795858964
0.0919695268739647
0.136915382573213
0.0817013094325121
0.0961355972719064
-0.00236922524224323
0.0976872744078785
0.00984221091676452
0.104605278944216
0.103109901345957
0.0168410882131194
0.145636694817265
0.113143756251182
0.165876640052575
0.142342422735197
0.130021383731336
0.0992530202675205
0.203024502657694
0.055244436612341
0.0912285450956616
0.0368001295746494
0.129711035547791
0.102351647939877
0.0798692781910825
0.0495217907937074
0.0464679501895544
0.11370348093467
-0.0272019906754239
0.0324854396126473
0.0990021673298505
0.110388453111565
0.0297101700616859
0.0402845712531336
0.0881201397804675
0.185391058958351
0.149207662563138
0.0726754693751668
0.155314247450921
0.107580892296361
0.0720153405536616
0.0906936294780069
0.050918595277245
0.138246038538983
0.0341709164537428
-0.0141412875234188
0.0568601575581892
0.0441898842546375
0.0534783441973195
0.0771782749024984
0.101968922875473
0.110195266062015
0.0813342939619383
0.112190792315106
0.14414121216381
0.192545915144474
0.0876938359776301
0.174257692668122
0.233817391676127
0.174993151663037
0.140194332384204
0.0553150835847658
0.0681577353769319
0.124871873277455
0.0605232286465053
0.0593386995050716
0.0919427166828126
0.0714642132945769
0.0803645518514282
0.0327015303090058
0.0637235479727319
0.0992367278322485
0.0613544301354055
-0.0342423510483973
-0.0114249942197084
0.175529392380978
0.125840363139393
0.0571568912488279
0.0851181663076285
0.119467876710631
0.121041427508202
0.135565110852566
-0.0546016922548066
0.0695616126027959
0.0643587721815677
0.0288267978084517
-0.048518151019641
0.0494483756838475
-0.00826061441694347
0.0901655914956266
0.0578943152224185
0.0730376290605907
0.0186596876326221
0.0848751916853438
0.0973819525060417
0.189671217524819
0.0990375771078297
0.0915908821460783
0.0395928645418227
0.087776951709624
0.123520610574323
0.0611985286088618
0.0511428612882519
0.0307313650876714
0.0667476026100755
0.046587438769672
0.0601529607860313
-0.00676929753768128
0.0742244392345892
0.0781361383402592
0.0057884823894813
-0.0370411174705554
0.0365693725485347
0.0336467140846911
0.0584250837284238
0.117668852276956
0.110523108013899
0.180733045181064
0.0748298618502154
0.0762252080662887
0.0200211014561155
0.0689894434276278
-0.0160158342306007
0.0770350721655079
0.154790988472481
0.044817973729486
0.0935355307260988
0.0683498036701314
0.0201192897015006
0.0807565682287148
0.025133054246349
0.0127061272021726
0.0438923193129317
0.0568794178061396
0.110938313898817
0.140183345356095
0.162710847380362
0.0698283265652655
0.0166505052273173
0.040184180151434
0.054688167554517
-0.0303170892574682
0.0550502811688956
0.042318701756774
-0.012032696012449
0.055185592036288
0.119865700016996
-0.034741040590807
0.00689061706282808
0.0410256898863769
0.103043999103749
-0.0103176753554103
0.0204196393026852
0.0220224034410203
0.042920618114114
0.07382862628717
0.156206096919023
0.0382985601781336
0.103440000257535
0.0530300171835804
0.0679498319021629
0.0329607460232646
0.00256590936520924
0.105205074959567
0.0603723161810074
0.0984555686978895
0.119993092721108
0.0638437113723253
0.0590322840298263
0.072609114963201
0.182002822461374
0.118847521756049
0.0252063030738214
0.080265813925719
0.0803751807374041
-0.0122897499109908
0.0295360148731356
0.102029000056099
0.015517520579738
0.0277695804479434
0.0644566142923611
0.0355621587628674
0.0521324977374904
0.0941849916999742
0.10316829289392
0.0705303181319369
-0.0283968116757016
0.0865425801169386
0.0894443743118902
0.0279665905559155
0.0825595885902624
0.0711185415840903
0.135407598781809
-0.0142983926010492
0.0202473961750664
0.0657137875778384
0.0755203656760239
-0.00157799078744552
0.0149802213608746
0.0289534841092816
0.076030778587132
0.0231585043078002
0.069646536439388
0.0759834298184809
0.000663856900679965
0.147637587798591
0.0432822762876254
-0.0029964410423139
0.0458497305863447
0.109299536011081
0.0763284658202236
0.0865180658441655
0.122024666530499
0.00346820727750765
0.118437967787671
0.0654491799951409
0.0292881580824048
0.1950470288872
0.119787171849556
0.0792882867806507
0.0364058086057143
0.0801105559889239
0.0370037076299954
0.0812334647362474
0.0720367631547754
3.76370477986104E-05
0.0459026291658029
0.0172054698137587
-0.00833871838983501
0.152286710838358
0.0372517308830865
0.00141489380774336
0.0714811953870364
0.0693899736411668
0.147052479236766
0.0598878601786136
0.117884334771246
0.0529053619795659
0.0143373102159219
0.142887944283083
0.100060086961152
0.0825579462155608
0.131137472444363
0.0462337358543248
0.0220836083846408
0.109715135397037
0.0713254131548348
0.117120219477043
0.0324924759196479
0.0797860911897855
0.115257672500769
0.0543768529438649
0.139758579373086
0.192263229580627
0.169122401125321
0.137303052328174
0.158123684990908
0.145512432543185
0.189483637002393
0.119253388966829
0.101014774805786
0.196752998363445
0.198122268579932
0.0317622397940762
0.0249830133781236
0.0935820574947534
0.0315314408531024
0.0806601982115411
0.062810681421781
0.104089220394064
0.0643201372567376
0.033691794614035
0.180212563042552
0.144514472584075
0.183641203340617
0.163197628864734
0.0822723377703031
0.164113748234329
0.217302797101938
0.185393823955899
0.178505815324232
0.115684943752267
0.0788905404650967
0.0626415574564656
0.119575922620314
0.132152629004055
0.00816627452577317
-0.0132618489621342
0.00707516592496694
0.053347139421396
0.110298043019679
0.0362297952410174
0.0943910225937317
0.108080465741005
0.0728792860574394
0.228817213066127
0.0924379299034262
0.0598004805351856
0.159119269139494
0.12280675971081
0.169341645972823
0.0622047884650349
0.0971571356332577
0.0676047364527998
0.0446089722385495
0.0232728207156551
0.0616592660607422
0.102571678198363
0.0878303416140367
0.0694537059322112
0.0559400960703726
0.0136806267657903
0.0681258856452233
0.17126271385814
0.0928036704848473
0.19064960929541
0.138885084233692
0.188928938147571
0.0864465577594116
0.0807541448109173
0.173557205879773
0.0167722873514813
0.0752755414087191
0.0896444215349653
0.113527440772701
-0.000597917186261699
0.0694754519730664
0.126692638792623
0.160098540989158
0.0444315953534684
0.134610325351365
0.0924434572384878
0.160670849300896
0.174755832802616
0.317489565339419
0.201943785870751
0.191528212693147
0.0744117968317435
0.176685440242208
0.138185401596935
0.0989892284257771
0.0450349561846818
0.12807025796205
0.183101846207247
0.123894249835631
0.0724191437661638
0.0110872394550514
0.129679450349661
0.153053779344661
0.129741933415029
0.164302142617237
0.0900043210816612
0.198734759087236
0.172638668450758
0.0927888806034
0.216047751954662
0.17518041312068
0.191947464007747
0.27687123280067
0.0514616311274922
0.177921272774411
0.163154253994266
0.147052952382825
0.165214065591243
0.0967459328761787
0.183297730684155
0.0599170920605459
-0.0283081418056636
0.0650479889436007
0.0641715069729716
0.0860684880846224
0.0891742792450903
0.102459091431499
0.0484656250169454
0.185184437037567
0.181045851568944
0.109962696164784
0.154580020251224
0.100431684383869
0.103056840406416
0.0139271381704684
-0.021664629508344
0.0179038289352352
0.0222982752602949
0.0816229239316269
0.065635418551257
0.00940214131670858
0.101968073693361
0.051755740798839
-0.00157321654403245
-0.00798081715005775
0.12035346947777
0.0612080854671254
0.098163482756237
0.159418355057934
0.0989238412323008
0.042697473496286
0.207087500835636
0.161761531995738
0.069929555508966
0.0790059466622939
0.0642691270571081
0.0306281890329188
0.0716351642831282
0.022801974522613
0.0584376089433857
0.0586991339917536
0.0629595213565707
0.0305841255676918
0.196663080278496
0.0599764931940266
0.0963778528056474
0.172524272463955
0.0884913590395661
0.0957068074883837
0.089564229990084
0.19648277677342
0.233721339338158
0.138999549831721
0.07687741543874
0.0153865844522131
0.0503465592104293
0.134457857419844
0.125906377315265
0.0177079996612563
0.0434722448677317
0.090664004389505
0.132464813942028
0.0439966136003614
0.103328458507905
0.129130931231844
0.183988874900705
0.178217839400563
0.0598282132517887
0.151555347154981
0.111694007438798
0.0422313278964981
0.177716388759802
0.102739154207348
0.0635027805866695
0.106670937957109
0.113731809231713
0.0230028406057232
0.0771352434527408
-0.0278686472909117
0.0494177882085791
0.023395166401268
0.104599760870015
0.0796486590580966
0.0740417281977757
0.153549079665399
0.121759479482441
0.0682222806213828
0.0769421273787721
0.0431336465602454
0.219759358125188
0.109007245144672
0.225009745080776
0.0453709154174902
0.0856086745108455
0.0618386681774793
0.0893751971479657
0.0224263945823556
0.0612644927472473
0.070535323000398
-0.0290296843605311
0.0881373541822584
0.136871026045428
0.110537537057762
0.157135523518659
0.0495692572711772
0.0591037877559889
0.121215603576666
0.127702580477462
0.0985569203256826
0.0850830650752512
0.0493346796904682
0.135136277909781
0.160745581510239
0.0619496957549169
0.0258117087546978
0.0684027555534541
0.067827649608506
0.0133957389446431
0.041384054204378
0.0574662618004865
0.0304265411541201
0.109827138714619
-0.0057328501852614
0.0881533330384468
0.0816792453775625
0.0371197396794933
0.128666398827552
0.0596032319389949
0.13088214765719
0.14736327115692
0.116819624779241
0.142472120452773
0.166469798758353
0.0458074979071584
0.0647920505739765
0.0338248551367257
0.15510903347196
-0.0177182009297578
0.0846672710077137
0.124396670201222
0.0639353800143499
0.109437564529894
-0.00947621434346535
0.0820412719117198
0.10054225345805
0.0779579234741743
-0.00497952411639512
0.0675845022179623
0.119288770970843
0.116887667996877
0.0827096354155813
0.0823532394628329
0.0343509026088403
0.0974950886166664
0.0335550243950505
0.0171329808512851
0.0630317652347792
0.00667585417362569
0.023820108486747
0.0617109463248392
-0.0593344076253652
0.0959784078265932
0.0272148403786596
0.112609481505255
0.100751435530451
0.0560455474855213
0.0552800779712759
0.123638133399413
0.17685419312705
0.0724317420454424
0.00475968275039629
0.200521057338146
0.0641082519034741
0.0508976529857828
0.0847525795125644
0.0674577628414849
0.0948765890272451
0.051018534695551
0.0710212763946109
0.0188325180411708
0.0681318669140719
0.0480147404997749
0.0939494842703348
0.0663631553731241
0.0727132352624547
0.0535268330886481
-0.00862939475092284
0.0144670061038415
0.109608049255671
0.090439160143458
0.128303528572585
0.112047241782564
0.0184619717528877
0.0704280975973116
0.136475027783717
0.00683492163728722
0.107089642928687
0.0951726953001588
0.0545106619273078
0.0323765527957536
-0.0146814801735842
0.0133625470347742
0.0686189030063837
0.00712356214444863
0.148790504551994
0.085031459929454
-0.0519669942410373
-0.0227248119698848
0.0288511186421941
-0.0100800578723783
0.00932270027532101
0.0622631352644166
0.0479958585579613
-0.00354008305801718
0.013290099676063
0.0409467172972456
-0.0166580967121689
0.0678587832154353
0.0546276377957615
0.0219674868746402
0.0467680740072825
0.0758706825260869
-0.156862302024209
0.122873461933881
0.084960565281159
0.0990853453188903
-0.00145923528275627
0.151121753460221
0.0727286451224543
0.055880105586474
0.320409639802244
0.284647317432148
-0.0985551213355047
0.0223250450637949
0.388854574510648
-0.0141825086653024
-0.00822412573439075
-0.176418661319352
-0.0456716719244695
0.0820438308930229
-0.171984787838166
0.167731424863579
-0.0901346312162773
-0.112308892034353
0.32616133776273
0.2754784021554
-0.067165881500796
0.0357850618242349
-0.512980904741978
-0.0240575533710959
-0.148881238452724
-0.231568569862314
0.0108510968587302
0.102043399240675
-0.0703102917575103
-0.144586646342133
0.0598167232312108
-0.255621491787461
-0.0413028388304704
-0.100480727099179
0.217191122177955
0.150294589795384
0.183906106377818
-0.0133043433193774
-0.12275053030123
-0.0740056861814775
0.0555552500545046
0.457342057850376
-0.403040838524696
0.0985583526901764
-0.38440904311168
-0.385979495020322
0.525721404386486
0.651824660892511
0.230626624503011
-0.170976795583048
-0.0423493503009805
-0.224368525828378
0.218543286543434
0.375173031070923
0.151608544991773
0.0398930410947153
0.092577635688712
0.253441394007005
-0.228258001034172
-0.583832238652575
0.274156951373355
0.364800120501602
-0.0629014465720081
0.170248359202368
-0.616909399573637
-0.253019415671221
-0.0894768937562689
1.06575453866549
0.294209318768067
0.3909603707678
-0.033225050225973
0.376085189936098
0.633675724986764
0.166086155758133
0.217790444307709
0.050408326341066
0.0656421665744848
0.384492582494574
0.250260338823937
-0.00757837597164514
-0.335539227077225
0.158033068911414
-0.0660905478792296
0.0785443071362985
0.000544247216233456
0.362839684932917
-0.135061026812981
-0.155447730164691
-0.204543929086345
0.0560000020957366
0.497632049792533
0.70681007556123
0.599640967299026
0.407950880911187
0.183045097781752
0.00812965543912412
-0.24280359841254
0.333323404082029
0.0450155503089994
0.419009819327339
-0.39236857030446
0.180323298432809
0.028028693757345
-0.301437392076653
0.342446474391426
0.502748011393575
0.157471874303914
-0.402950628584434
-0.392965843096924
-0.118956273271555
0.530704442815189
0.363265068255821
0.459642765382061
0.149014276271655
0.105849146208272
0.095299651031937
-0.318902925415313
0.241620891742831
0.396530150667985
0.245223974166869
0.216250067348725
-0.0394367741329737
0.238565491136725
-0.119794880615291
0.296423131238197
0.334593631084905
-0.0681613488964001
0.188455191876069
0.270127851885101
0.291835007834645
-0.329373351835786
-0.0141925563567684
-0.150715857487372
-0.0350640734066872
0.221758822757237
0.134746080434225
-0.297293393933754
0.226030974866725
0.229769128364869
0.552189846446391
0.599336673060681
0.408397297140869
-0.728020903538693
-0.519601783129473
0.325341540064672
-0.0686011093951433
-0.437294787695725
0.101157438898845
-0.0729263128224985
0.822415213248803
-0.0807557215115887
-0.593990082943119
-0.0890065326919803
-0.282294925379514
0.252083409401221
-0.48556174040595
0.342339895248294
-0.650023915352134
-0.290290328872873
-0.00878853136547442
-0.0535159500877315
-0.0320967128156048
0.0149085093564365
-0.399188490445699
-0.280715304729268
0.0143465506564698
-0.391442141336996
0.380271789151861
0.00226187296859012
0.129175455227179
-0.633783897333679
-0.632505014168399
-0.612568704882335
-0.225664102956835
-0.201379157900373
0.0604506153606358
-0.233772539674008
0.0314662479460188
-0.102287021254342
0.137347621314413
0.348725760720669
0.590056543688247
-0.208363641674826
-0.393139749033939
-0.0312077306317054
0.270048364543056
0.295810690863855
0.311336335793634
0.300676083739488
0.533203506577561
0.0698146942746999
-0.00746596213500526
-0.80158509630732
-0.619634545775643
-0.0342303539846274
0.117182686348824
0.0398330863708282
-0.0713009482464385
0.0486133005187156
0.00990096454128226
0.657388129152631
0.538424354472944
-0.360372453070687
-0.462344429571718
0.202785327994644
0.0358954673920606
0.362338756333962
-0.03502376485504
-0.267105341675441
0.155792221015756
0.385571485917974
-0.154989484927635
-0.428496396009416
-0.163222420384166
0.350372047092867
-0.35522806639345
0.158726947457866
0.145013216176853
0.48553949810521
-0.399200755819395
0.170615824509237
0.508787119853735
-0.0486092785816427
0.0323669622429766
0.367165677974372
0.407366140745084
0.45079569205609
0.316879269393595
0.247640093938854
0.26781909792502
-0.294287689257764
-0.375689639210617
-0.237679415242094
0.195413591503768
-0.282241692755203
-0.084886817451326
0.0178565964069715
0.374379228408107
0.235752619094968
-0.0759528676241779
-0.122392440783881
-0.00661292388409303
-0.107705951092372
-0.400416112687673
-0.269761741058305
-0.202423816413422
0.00415810381459668
0.0326886100218986
-0.118431178349734
-0.318075017784865
-0.359673790196165
-0.253965172602894
0.19359771915945
-0.214829151567474
-0.234565298069154
0.0799027701328771
0.596368153335689
0.230751938490631
-0.297570765169074
0.240041133821828
0.511048014965398
0.188592369055543
-0.188065182118384
-0.0490022786366174
-0.325892117948321
0.51647868108382
0.536700985614142
0.26339798429294
-0.0429518515675473
0.779337146696955
0.542484481683901
0.3905941540851
0.114325965949967
0.211505837733485
0.0652683730994244
-0.166522841061757
0.230116055262805
0.296724815537043
0.0654694054395394
0.302089292983803
0.0698064166484631
0.135463664813923
-0.540824211458079
-0.294597645029108
-0.140279385095515
0.254550336144004
-0.0375052814934651
-0.309375018262161
0.00184457512364646
0.0608533705278284
0.444629632390921
0.280559244331639
0.119181616998823
0.192284343751656
-0.0111927399889934
-0.00959010011420034
0.0268441495784702
0.0972507147784987
-0.0401351880415662
0.462091325785124
0.317127822508088
0.266369272623439
0.00201178040337251
-0.258363659109513
-0.4611555626633
-0.0412887608259169
-0.311001911419467
0.232715598541571
0.233828565698849
0.37505906206932
0.106136822534941
0.748000082916449
0.401512385345474
0.264369331614048
0.188345812739705
0.0830749992070677
-0.0844240134664817
0.102040184397049
0.169253819610519
-0.0386677261579054
0.378275448821712
0.213074723480729
-0.0352066877380535
-0.378817918663216
-0.583308708288332
-0.744663687677914
-0.33944580233105
0.0936794747552238
0.807013128374679
0.316911930309125
0.218105980616325
0.322248571549223
0.337149321776537
0.278419291333728
0.203345251471028
0.0206315697061758
-0.0189663151116662
-0.210996927766275
-0.0649383781746227
0.039197919180304
0.122332513339065
0.0893974058731078
-0.0648531337995141
-0.389606287518679
-0.0603208652310319
0.282535451623312
-0.0543243988630908
0.772493950958524
0.217595005193812
0.898797152321996
0.572502177651188
-0.136228620477721
-0.242000967295303
0.457014123924374
0.157427447638329
-0.0565135130117023
-0.191055500198659
-0.0397538006946484
0.115254698667064
0.0696998158743503
0.37586586001746
0.439048998586401
-0.405385656501975
-0.310395198849446
-0.489402702328613
0.133359997827776
0.0486105697991983
0.579406082664728
0.411816617566027
0.269211509140742
0.150409406459001
0.281292396113948
-0.025670414025023
0.0168876807410023
0.328651741291117
0.100184956696655
0.0548098981394971
0.141738630114344
-0.147877987184658
-0.00460091117581044
0.263468774053538
0.188876322605576
-0.0862750281804896
-0.389910206688875
-0.718977449496884
-0.665592979729692
0.153794947716189
0.00299027650405025
0.275166935997721
0.0666134203642929
-0.152428678026129
-0.202929841297617
-0.114818243728989
0.174002600702934
0.0407622252443576
0.0218651830217896
0.0039392861585816
0.101155564524788
0.144893078866887
0.128527312260442
0.0869534575674951
0.0450009184643069
-0.122618482529427
-0.898938072087616
-1.01918668818897
-1.05386341882503
-0.716199555465127
-0.275692844587362
-0.318498730249746
0.235824915202099
0.0398785916903318
-0.000174087885019636
0.130014571344385
0.00274075145029498
-0.0745255080914941
-0.200064537701841
0.151106102818814
0.727713316707444
-0.238552823866382
1.37406926232713
-0.730946885144188
-0.158152960893025
-0.827880723407672
-0.494302664383287
0.614049047243735
-0.831796682092656
-1.2112737233299
-0.263351417561277
0.328634347228255
0.626311336124613
1.42915640789276
0.637112699064176
0.130278291996
-0.0148128902516862
-0.267158314537406
-0.109026992215359
0.372875490246104
1.25228597465236
1.08082792737136
-0.21932666412773
-1.15095902810052
-1.91768015259052
-0.974299347626283
0.498764788051814
0.312440174424774
1.06507948265177
-1.74285975006119
-0.32490824254282
-1.21861590112494
-0.267334308291105
1.15257107425977
1.74478221443846
0.968538092121824
0.48650864533734
-0.0857881178667772
-0.060580453295531
1.07099355065532
1.21589573313395
1.06652668490943
0.763583613660618
0.0626429222286208
-0.078084817366677
-1.02710678033127
-0.20757633394377
0.70982176167851
-0.953522502844124
-0.151269061742783
-1.51570486527946
-1.10574755185073
-0.555707982343383
0.552564720047054
1.08752038593511
0.171371237333592
0.93141578779108
-0.128393521196609
0.145857202631806
0.63877732148231
-0.558524183495102
0.364725958920795
-0.165746124828374
0.0284753183917845
0.920852912067844
0.661674755148061
0.0844929083734191
-0.0235664603831916
0.157380874334974
-0.0646480301101829
1.044389235478
-1.08940998030467
-0.455584616149957
0.350901098082487
1.22844331003889
-0.629553077213804
0.300796357852878
0.434869325273764
-0.355957074223636
0.170785510350932
-0.975320657334022
0.011387949563236
0.503717279793153
1.15101365770472
0.230614782229096
-0.386178938327931
0.533452334731156
0.961296053957462
0.589947588838
0.333672529315046
0.728332704052096
0.0567162013838698
-0.241796712623401
-0.373064205623389
1.00827469315702
-1.21173811811489
0.0682752993255539
0.513749791467791
-0.259108885006159
-0.233614083125484
-0.884396996433758
-0.0927139259582548
0.442031873365064
-0.77959235827543
-0.542220125562799
0.0357756058651027
1.41352438789207
0.411570111359166
0.673279680107416
0.617493816604192
-0.368514418058355
1.19179474281044
1.65960106708627
0.858213402833576
0.835908071765365
-1.12845832802723
-0.143090315349249
0.100337270017047
-0.54809556353027
-0.682718710513075
0.183793689643263
0.447140347370379
-1.0594418773492
-0.128001049164192
-0.641537142964277
-0.864414366684641
0.0581606134485565
-0.413024053588679
-0.484082119820755
-0.575513900255103
-0.194682920753083
-0.513538820597301
1.09414604443303
0.217063582787209
0.926332549934505
-1.91216900320237
-0.747282522876072
-0.00125260293251969
-0.0197239938336927
-0.0633743318011484
1.30091697359784
-1.19002597397496
-0.538651151867568
0.0771730381652476
-0.322118304562839
0.861472352271574
0.491506998839012
0.459445509034793
-0.696123575609408
-0.382982305003552
-0.505488715902474
0.909476822794849
0.146956230401076
0.0299168645068116
0.668986320048387
-0.177786399120247
-1.3804478715642
-0.13555333472654
-0.428368414614933
1.83491891218528
0.814388880907452
-0.726792831114909
-0.889452160427289
0.379247223882787
0.223975730872793
0.929287891568715
0.181125579243145
-0.0621350827948497
-0.461265693408657
-0.178023425282427
0.0752927714601859
0.908096599079635
0.714658652859368
0.390953297929649
-0.0284094104190608
2.26519445227178
-1.06861368313989
-0.671508311220735
-0.157442178421139
1.62612439514247
1.67578634484611
-1.36600683575142
-0.51107591309383
0.0904303987244226
-0.378565151463772
-0.279325424442675
0.252233057501665
-0.668256941319863
-0.538664103436561
0.000578174308825725
0.25114900139046
0.0693033224078307
-0.0607837927231143
-0.0149697459550628
0.741890247396509
0.742273690875401
-0.229824206701575
-0.998641445701267
0.942003330350529
0.597757784007939
-0.448981533791711
0.486117262147719
1.34985475158218
-0.531641254842024
-0.949106271068736
-0.195206323521179
-0.0577550018660993
0.0984412370568458
-1.24093481209659
-0.549098187005766
0.116928934676345
0.21748841659367
-0.0224307374747547
-0.325846605907478
1.74697118487573
0.453979928125798
-0.341769829105951
-0.338741503617363
-0.357374927314229
-0.0739104663343407
-1.40404242294619
-0.3109536872891
0.0827253170851807
-0.2052553533999
-0.27701934184757
0.0607929554501671
-0.0036249382446314
-0.562543600957936
-0.829224641729574
-0.0504734494828451
-0.0697011884322608
-0.5285309681671
-0.480913228555614
1.11224704132862
0.86852041561035
0.333460040217818
0.336653237103947
0.440126132648365
-0.208340628899798
-0.900638885119635
-0.822212496788435
0.045206725626027
-0.325870399270024
0.594963200243141
0.690803582946909
0.344704326784255
-0.683702854318768
-0.552318070519794
-0.770362790871899
-0.618062546867759
-0.655279316879994
-0.574499871306946
0.116474475000638
-0.27644553754645
0.672108704287255
1.60369775106673
0.238313432168471
-0.00594895579746139
-0.0760752921954311
-0.452875669233358
-1.33410020819271
-0.256950515312828
0.134869515025789
0.462838630665528
1.34948359422062
0.855927573177681
-0.294283582525321
-0.677317988561402
-0.732023723940962
-0.751119975988249
-0.278141981783689
-0.254227000545738
-0.398452600094276
-0.6460112792572
0.52978376875136
2.16406448157518
0.968303061322706
0.984022394529838
-0.0971152021227375
-0.0202449098894907
-0.289219759228695
0.247640213080149
-0.997377627397207
0.305274420246438
0.0495674899740706
0.747229534804573
0.81716735011943
-0.585615595954758
-0.488224411234378
-0.712422848088037
-1.6013863657697
-0.172819139791382
-0.803519063663816
-0.308669026072228
0.112593977990503
1.55392167508734
1.90222248944621
0.787805029130785
-0.517714194601267
-0.0171735070168824
0.273053715767317
0.998159198370157
0.220425100496103
-0.137203851371798
0.148890641219946
0.42335406524408
0.101789496475867
0.888234446925505
0.707727492662671
-0.367336812520476
0.0998130367693258
-0.654593214317464
0.351352306945516
0.136085154892113
1.56642717714406
3.13665436550908
0.877503812182882
-0.0982310205288228
-0.6794132025052
0.422604496736601
0.713944843380196
1.66662591687832
0.461613398258432
-0.0211603468277078
0.188850251952304
0.418274538832755
0.386963942431967
-0.284431142463428
0.697579254005261
-0.0912745430618198
-0.4312118498511
0.11751063223796
-0.336118100337803
-0.0780993973133124
1.76187959715517
1.65375673691613
0.371305046893073
-0.0633799607840089
-0.600366586626035
-0.708234785619772
0.0152348784228606
0.616143856176747
1.13436006092137
0.176663633136912
-0.665661249516285
-0.915258061926401
-0.743664139469588
0.0769548370121335
-0.212151938338705
-0.854314290041421
-0.97768589097666
-0.40722490295121
1.39181765238757
1.47947152065918
1.16242161135957
0.672024390855298
-0.321313180019174
-0.123925465202764
0.00991839034890463
-0.575020006432361
-0.538885384875552
-0.342845213783246
-1.03125544869711
-0.170839338940068
-0.0759585937280024
0.0323641715660344
0.440718487774349
-0.287415538855186
-0.949147276681507
-0.934355334306569
-0.172608232756276
0.0583697498483006
0.243871019953496
0.251746344946102
0.100329835621691
0.0920435843353322
-0.13008656430364
-0.127324099015027
-0.189131270985626
0.0225986740706699
-0.230095708641825
0.0676274366847223
0.431789547176422
0.0948473099800081
0.0598586241270515
-0.0960211226709604
-0.337511660836709
0.320323078774734
-0.326925576662247
-0.374518752075486
0.358666498182699
-0.249178549656363
0.796686928009641
-0.212151023180904
-0.117888127865831
-0.0512157142900552
-0.00426501351607265
-0.042416818192499
-1.05961268844236
-1.39503962730716
-1.31547421294601
-0.389393619541198
0.699261242066277
0.14574917668693
-0.226311862982996
0.575631715640123
-0.937793617153593
-1.7106164676033
-0.811980885991423
-0.294500300084269
0.290899110041859
0.113695583303317
0.973472514405161
1.09913119594869
0.481402459926023
-0.616835340612645
-1.91634059577738
-1.67357378396361
-0.368491236571664
-0.76590266181228
-1.9908175447879
-0.118058113806857
1.11177326390071
0.347480342172709
0.923972104537914
-0.150570798297268
0.346888944542584
1.22739420154145
-0.132033404403044
0.477931138902271
1.10618641070504
-0.114815532601806
-0.00376315065074794
0.513900241177467
-0.291502809292659
-0.773449438957671
-2.70322549809817
-1.24069525759227
0.013797578426915
0.481957923904511
-1.75191691135384
-0.466997049610753
-0.0150080140526011
0.079063997555288
1.16887664405796
0.646933389125451
-0.880828053663641
0.171944374718954
0.350523862600765
1.75155850051656
0.884122186256265
0.579379210954588
-1.17710551120466
-0.252639043595434
0.428350628026024
-0.549828495612013
-1.6816120672813
-1.39291403973486
0.379061246394353
0.536497899325156
-1.14773695858939
0.529843256055432
-0.068501868968756
0.248126517198062
0.641295414896008
1.05274022667592
1.05402579841335
0.556327291767288
0.319063399622767
-0.400481812625778
0.966422001790128
0.111346382346097
-1.03686503585215
-0.416098779807634
0.423480902778067
-0.0469493589679927
-0.88159678644414
0.320698514115617
0.0835541776808111
1.32537593171892
-0.769753828910529
0.554036924356785
1.26537553663979
0.244860875244962
1.46827007213495
-0.230640617439399
0.865015566140253
-0.0925655334971262
0.828662635927272
0.142615802729197
1.3584157225591
1.04003959582782
-1.65992574133021
-2.77410737620385
0.349179233969282
0.436051642560993
-0.358277323458356
0.210879605525911
-0.596566535044959
1.01973629690277
2.05101313765269
0.241869264750379
1.23271992908113
-0.710861997625558
0.790437291458673
0.493288718797637
-0.289735751820608
0.140132541279482
0.418213240460347
0.379644541909599
-0.376042437971494
1.00152361697791
1.05124437990301
-0.710778836962064
1.25234033063472
0.503018391423612
-0.012945694066476
-0.638969833856873
-0.749502939610999
0.129055301093366
1.24549531792515
1.38413132685747
0.32920799931021
0.64265900987705
-2.12320605192696
-0.19941866767245
-0.0271508460443649
0.880358523303262
-0.186019540719104
0.453876397787455
0.839915065923397
-0.8151493553591
-0.409768386132595
0.158683819642252
2.06102416808723
1.20843442490331
-1.4329492656492
-0.592818188670444
-0.353859957955806
0.585562990359869
0.700457715351682
1.98845806931661
0.965059121000492
-0.387881412118583
-1.30868548171198
-0.251979392115499
-0.780272449445701
-0.946093694198989
-0.966381392575448
-0.116572906720563
-0.317868932886967
-0.340527827243757
0.886633601445087
-0.67076792256326
1.73157703101706
1.01760542546595
-1.05361103312049
-0.451549589609873
0.126783055622875
1.12859361608521
1.3070243341367
0.75980265199247
0.248556753053018
0.0097154611474069
-0.658112046494309
-0.035093581877271
-0.394139467892378
-1.31463454945347
-0.356393395657985
-0.82055588958796
0.116146131899363
0.525603700377669
0.519174193165388
-0.443060323621801
0.0228841290276721
0.941807959377653
0.439159720818531
0.307367255426548
0.0016319066687842
2.2097453976905
0.588868929155926
0.0157514838578198
1.64140214614016
-0.0333518984296933
-0.230874151856612
-0.0779251653918485
-0.658798528384
-0.94526934097553
-1.75234712564048
-0.501180457402471
0.0568430056209363
0.245088389055085
0.220536636601636
-0.233115467905152
-0.234869490371116
-0.51660761915579
0.465967391071251
0.532112065930861
0.556447006715428
0.409838703275867
0.623866117982447
1.46964231703468
-0.748121477062496
0.647518386555912
-0.761259871486477
-0.138833917887771
-0.663139497133716
-1.04841087055423
-1.88835397116297
-1.63488010350961
-0.284904693006658
1.5064424526406
-0.378961855209404
-0.568161753943209
-0.735560682937923
-1.09010618799314
-0.176332918892234
0.617040279906683
-0.300717934667992
1.1577892306554
0.461282012799325
0.908865177037902
0.0533043454609428
0.369980324751859
0.503987788245245
-0.0763157404172972
0.991760817378128
0.0575344837019754
0.0880618216812947
0.134142559951283
-0.42063453784827
0.809275731723962
0.827073170601424
-0.470492243377924
0.581200011020082
0.68322413605365
1.63783659714312
0.408212973014761
-1.37472231083004
0.71519990353633
-0.566080347508713
0.249224533802861
-0.000876166262505155
0.596281609893598
0.526966727452461
-0.0199131630259586
-0.171084826103348
-0.329695610120902
-0.722163334199778
0.445768801223178
0.0736943028635546
1.70879102642844
1.6441208736552
0.221810367516782
0.152246119073151
0.463264239187804
1.20004202603491
0.0208891581428772
-0.818056026776571
0.210144644630602
-1.48152732869591
-0.950658116950823
-0.733252739284725
-1.12303942455851
-0.923046846753656
-0.697286056289471
-1.23040762280005
-0.51187145071859
-0.150513217437906
-0.766309318965449
0.427898703559522
-0.384186853923414
-0.217902030764594
-0.17908886414552
0.672475388285147
0.827170653569745
-0.777371284531407
0.234095865109164
-0.830378285505659
-0.308978127651811
-1.34759510127087
1.29592062261399
0.0171363314156023
-0.463983138338906
-0.779791754543623
0.355179792947947
1.01406041480682
1.55503791270333
0.709570092919909
0.112344044365675
-0.933786410280894
-0.0501711002264375
-0.424964963057072
-0.0358840276609392
0.68249855118558
0.348109505717499
-0.622410095676334
-0.217899228253613
0.466127417996681
0.399177764401006
-1.13893172025267
-0.12272983767661
0.48196528206578
-0.0570322939108153
1.50016208638987
1.3771716293214
1.16518959678483
-0.00567769928380649
-1.58557174178947
-0.357809087892564
0.68623028786025
0.827130061182296
0.36236426454466
0.289798272100108
0.91702329759969
-0.148368040042775
-1.33954961088175
-0.671035776252382
-0.217784516173408
-0.511115551154374
-1.18103814118318
-0.24003717975648
0.386699044539887
0.897798194571189
0.693996338369494
1.94106245556091
-0.273846144073214
0.421288395662666
-0.123445280686797
1.16295059831505
0.551878655017715
0.788935617621126
-0.350377063701443
0.602771621771199
-0.430153630185212
0.0191868580254396
-1.43464177755803
-0.721005118058736
0.458452199001887
-0.951041545271742
-0.891907609508035
0.18574709822838
1.39126887035313
0.293535206313406
0.903122621771838
0.472805858880147
-0.448900762618168
0.1034523765211
0.68930050092922
1.23954155636043
-0.209671737430159
-0.386127885514505
-0.593662808510172
-0.606347661238092
-0.439064396858726
0.0952348887739543
-1.22308649293274
-0.81781860674745
0.00833459831362518
0.087649832197588
-0.402516754046867
-0.0389236343071318
-0.133110243363877
-0.34970611511152
-0.791022431921594
0.215336415193528
0.557327816546556
-0.419728561886386
0.523919874185221
0.487666097890367
-0.286208298866174
-1.08949879213049
-0.525639480018923
-0.182760021079671
-0.162827157870305
-0.693825102122023
-1.03464732439015
-0.715855371054262
0.0573433672628145
0.0702778023650331
-0.0310004206353933
0.075376938772916
0.0470059833405327
0.0754383154067033
0.0513435815861017
0.110976349177589
0.121471363681428
0.0614531635351934
0.111582702524215
0.0672487348551424
0.0843479477596526
0.0351926799419542
0.138573772324722
0.100251767918114
-0.00565384250323369
0.0251633571678564
0.0833002196733375
0.0908850688477449
0.0886576933152068
0.00875862573264862
0.135376366049747
0.0145531431728698
0.0289165168019172
0.0610095513941381
0.0369702374956287
0.133225895264912
0.149622577879778
0.0394211668249986
0.0059127687907556
0.104026324301011
0.0760197258450661
0.0468255454501598
0.118798928861007
0.0860823502429198
0.104988666574776
0.129274021523576
0.048373441934894
0.0767185121037485
0.0127476012597748
0.077398176703328
0.214592639762303
0.0902911115734396
0.118209032152014
0.123485236100993
0.111404472945289
0.104113937121382
0.0502622948629252
0.194879901721575
0.177971208166297
0.0725536378527634
0.0532443755920412
0.022427311982786
0.149250040698708
0.0208547925902113
0.121533739207465
0.0799453027146855
0.0383404993191252
0.0469011183195851
0.0205770351088499
0.0814621086379258
0.0826626485964651
0.0400377845201299
0.168701144376484
0.0883389540249913
0.0683088636858556
0.154826852341766
0.1241233721275
0.111197235811421
0.162393125583198
0.174477413773385
0.157212591265758
0.0711878608490913
0.136029197143781
0.0821149390119167
0.111271348852691
0.0578782245084107
0.0358146939033901
-0.0186275239262231
-0.0257465449316882
0.0182007959510534
0.0679916632838338
0.0806320095761908
0.0462509441485302
0.228693696332039
0.10093062838391
0.139375582563344
0.236831955904612
0.181361862859891
0.0896480599185354
0.123395707092538
0.141982015139746
0.0799873618752418
0.123792313756363
0.0851928840937605
0.0239877133273298
0.0160680050568833
0.0697909466950923
0.0548524322303161
0.0493958029580676
0.0106177249222382
0.0384681108386596
0.100979988650283
0.101548912652004
0.119477627389822
0.125724057669683
0.0766321244304811
0.155474177671375
0.0905618196812512
0.114530517418662
0.0891290597873968
0.0655141984635157
0.0907053302711599
0.088827882922019
0.111249189635875
0.032470617703712
-0.0207731131693739
0.121629407903705
0.0117804264733091
0.0449194080368607
0.131778097554317
0.0488093974460868
0.00496120397286328
0.047773155546043
0.0561595195610507
0.0773163951081071
0.0544814984116914
0.143275506533355
0.0608828131553076
0.175165546326651
0.0978376976976958
0.0532664458221098
0.126551849269553
0.0808230439498422
0.0287159240450123
0.13196481238092
0.0321510008241698
0.061672584151421
0.0498997741171406
0.15514508225344
0.111764523006861
0.0684269826716798
0.0898309595202026
0.0808890653265909
0.0930891359149606
0.137619857724017
0.341956700884158
0.250033162592274
0.189035194743041
0.175876168724758
0.204494765071292
0.174571411762565
0.144639930294148
0.08687467152159
0.0903254081054293
0.0999777337208742
0.159295266615685
0.0814283766507572
0.0286364184199801
0.0718266274219796
0.147924865283437
0.11441328137045
0.105583190060429
0.155873283457798
0.113238604889695
0.11464778851526
0.246643792394859
0.180908915775064
0.183568057381013
0.218568037058009
0.20126992425229
0.161304005818508
0.229909223553754
0.0794536584565059
0.139846540970143
0.114256751989748
0.115512400062394
0.0788385535331611
0.0994733765670793
0.119988964505268
0.0575622500750362
0.0354581749558231
0.104746169141923
0.0916755036111039
0.12051856107053
0.0772924058020506
0.230843525566813
0.208899191067786
0.206969151135423
0.131171218019211
0.173205684986964
0.135815302860036
0.116055120182502
0.0794979214453816
0.105258946253237
-0.0234165963042042
0.0359302426675726
0.0716440094040147
0.0197127034253645
0.0856273052996111
0.0314744577797885
0.0585857232328774
0.149637840922103
0.0884154971214107
0.0571392211049716
0.0725038686092544
0.254424519112507
0.156468903149218
0.142014129172153
0.160080255998579
0.120878714880283
0.0760265960557264
0.101143563984006
0.169886448260237
0.149618326298197
0.0363803281007706
0.109734357481229
-0.00374656140931286
0.0514979879206869
0.0101005317869964
0.108702480465018
0.0869187063829714
0.045600003617378
0.00988707772839455
0.135889394460155
0.042305528641834
0.101568960226185
0.159873749430604
0.147322309288715
0.16052557671835
0.140655763191917
0.0330475454033091
0.0856548532033927
0.0501077717071012
0.11753928685782
0.117017056929372
0.128156055902738
0.0325195317894442
0.0389662532498969
-0.00327044996959908
0.0350743250380338
0.144210872100986
0.0490818305164539
0.155322215305146
0.0234270369870177
0.121005872655366
0.0948878854524256
0.166314242717717
0.142132186741254
0.0646508057808968
0.15064762763592
0.19929114787249
0.0549555264038973
0.110111470839341
-0.0143327641964998
0.0427019915716681
0.0426949072947466
-0.00514007979951738
0.0289044615560572
0.0855465126373772
0.0446928749704179
0.0961726317429569
0.0862623904222916
0.0646674587046995
0.082542294306816
0.129665363674908
0.0919505856962689
0.122204184268026
0.22810015237282
0.113830512066896
0.0219481298290064
0.0608303820993132
0.106104812589314
0.0379694754398047
0.100951782444297
0.036112272889614
0.0946637715313142
0.0481649658804159
0.0944074102696638
0.0987665598493308
0.0588257969655346
0.111343402360177
0.0817334125881185
0.132521165163368
0.118583499478184
0.0425707161066139
-0.0157928234546734
0.0979116153365503
0.146455393293654
0.158077156411674
0.0818736933167118
0.0444784208095848
0.0677489505102512
0.0912023398501579
-0.0337623660480004
0.0994672081284041
0.0310975090266648
0.100071769382899
-0.0723215366413639
-0.0410086946439029
0.00184629460448042
0.0751936930644598
0.0173129352829669
0.0731494080151564
0.0924325066216756
0.0647281274206727
0.0971379511157933
0.0862063930804018
0.159650342506488
0.0146869511590337
0.0467343665622459
0.0974629096514947
0.120714724051452
0.0764517034565841
0.00480588436122211
-0.00585788486732901
0.0704000728152882
0.0420868455439383
0.0682466147632787
0.0272208507420469
-0.014382217030614
0.0643205695981574
0.025812767336362
-0.0034343866502669
0.0778625940422215
0.0590710962227523
0.0549065502404715
0.137991279019329
0.0717101548912948
0.137259037602355
0.0770193155955619
0.0778944320229465
0.0316208704208526
-0.00891169019869235
0.133896181188883
0.0298283216762507
0.0398888157391001
-0.000536646567336503
0.109087660542989
0.0904562812225792
0.0376808478590561
0.117825535577279
0.0695862612803538
0.0468339798093005
0.0179738977481642
-0.00660386211306962
0.15759015654693
0.131640557176805
-0.00188780626077961
0.0904043172029615
0.0435181876537436
0.0618955010507499
0.059579051131458
-0.0144193200135621
0.0115947820177993
0.0718924945318175
0.128852236371224
0.0347311406609238
0.0842347216995359
0.0835259650863409
0.040753805984117
0.00631815819743515
0.0806800452126163
0.0464007264202883
0.0541453283631971
0.151227616227412
0.0408812146484345
0.0543531735332059
0.098832700459897
0.126619695477666
0.0099282060290841
0.0594879456263678
0.0644137460449007
0.0756393785322225
0.0116729292923087
0.0222738768287042
0.187863203247486
0.0854642131617947
0.0635282623185481
0.0437022192643393
0.0715323710685911
0.0618490623043072
0.0584921069646549
0.00855203065857382
0.0807780084048795
0.128506551603961
0.152600266193146
0.0707571901137161
0.0703100074326661
0.0588015865415627
-0.0485077354458159
0.0576645862560357
0.0550035415458925
0.0544269215124141
0.0278281474954786
0.016324957632073
0.112064176277221
0.0598764696779181
0.0894517458246751
0.0549464164292066
0.0775278404405566
0.00183650602599828
0.0298470790216681
0.0818930705118308
-0.0529202112885259
0.0200367893537095
0.0765926189404049
0.0169182444462215
0.0649247632806824
0.145386881882465
0.0267485555933782
-0.00261705070525872
0.114103443412261
0.0661939286552999
0.0415720675006593
-0.00149969069385543
0.0874213299745723
0.044913729962387
0.101702983695789
0.0530477847805761
0.0396536874613551
0.0844533070215862
0.00536582602568875
0.0758755518922632
0.124444648062815
0.0580824532918006
0.18433980422464
0.143756303491407
0.0457867572470261
0.0965441820693149
0.082689526375892
0.0333756711787212
0.0272304069256965
0.0490874836143226
0.0762642432606112
0.0529995761427201
0.0565957666585827
0.0530419438034078
-0.0465371402403833
0.0280696691358419
0.0414197378987297
0.0741627941999675
0.106302166532963
0.0583271270810661
0.106528642703441
0.141021631045131
0.0606690438535794
0.180088108683322
0.159041329891257
0.0981640955988226
0.142445238689024
0.00873665675908471
0.0324594846266918
0.126426224662496
0.0231036317878017
-0.01321319189845
-0.00575683738922024
0.17750731162424
0.00609312296625098
0.0618103250217672
0.00720513344057241
0.0468377066077705
0.112551702648853
0.0620469764157865
0.0168982552981225
0.073329458656204
0.0801593070106813
0.128400483445325
0.0927355034242135
0.129570005502331
0.12349980029346
0.0787175995562041
0.132476121830687
0.105950237490036
0.00908588454309582
-0.0258371981478331
0.055945344110296
0.0259570519334856
-0.00935931740768304
0.0811813188882797
0.127604450749767
0.0968262516269836
0.0993192296749773
0.0494129080728904
0.12741665068338
0.1856247405599
0.0838054358542599
0.143931206025645
0.0792895087256649
0.126388746088513
0.224815530331352
0.15688518563936
0.173195243508976
0.0592367453590796
0.105178495953827
0.0850371184673994
0.160751961369981
0.0726944515681399
0.0137629988576006
0.0835025373699255
0.107056008382164
0.0309235516692363
0.0559457002610383
0.0420760262979112
0.154624965157362
0.141329218182831
0.0679603848038658
0.0914198953440838
0.0679713908641053
0.00711003248074217
0.131437838853307
0.0971272234499195
0.0942933148883322
0.183891851792089
0.0371410457389656
0.0483781038840034
-0.0242115844839423
0.0661450069081725
0.0640920580995398
-0.00266013840048366
0.124953614960826
-0.0100699815316745
0.109911445592069
-0.0124560292072559
0.105642259846968
0.106539055100194
0.175719619197767
0.0752185515590626
0.0711063011277546
0.0921712498844334
0.0397584342435818
0.0453999797040849
0.0339924014277149
0.062221810063267
0.0952848706751585
0.115318942888412
0.0396399815245695
0.15011817409597
0.0268819411168088
0.0976380369418774
0.0718116888893045
0.106090981827889
0.0735276249177847
0.0781739098055052
0.0846644419140432
0.181185985776442
0.217341555050509
0.175708619199067
0.249593677902967
0.119381151618647
0.185502889618797
0.12086569433821
0.0895439619983517
0.028206899221997
0.176472945610323
0.165892644290124
0.0961719328890547
0.104038261766775
0.0994637314916715
0.120236839736665
0.148926904955061
0.1528036411226
0.0343766847875332
0.164199090234049
0.174094498370386
0.105807948379004
0.134513919086936
0.125112466868232
0.124123145314407
0.132867575093332
0.182934806291903
0.115990817266788
0.0218939548848971
0.13204185070839
0.17937011300656
0.115459839286773
0.194596677271432
0.184352209515295
0.0807105628039259
0.158304344748299
0.0202029712720182
-0.033564319366604
0.0274719687371463
0.0542316721182505
0.110080216561112
0.0191917309580645
0.067664689062353
0.0897000715198588
0.123733648818156
0.0969759591022604
0.129827719860301
0.113698135387684
-0.0365217748181763
0.0654123692446698
0.0430956273629572
0.0922664214540029
0.103278738733603
0.106184349622637
0.072287105011016
0.0952281964853606
0.0789018928913257
0.089398663892211
0.0956474979870913
0.0476435846944984
0.00261835857740722
0.0950826987251257
0.156002816978902
0.150544241869356
0.162065206515268
0.0531731008419525
0.0433233517823243
0.091648369831145
0.0780175175841882
0.142750640687458
0.114492182576958
0.120523414231033
0.173311099416455
0.0398056645812146
0.0508738231205424
0.00497421220675755
-0.0670307301910171
0.00678402807470459
0.0362422642070053
0.152097577578879
0.0790025421364218
0.113406491321236
0.0313429241481627
0.183200611289001
0.0679869966069153
0.110617816414384
0.0449440540102383
0.113170961746553
0.0839787340153202
0.0313740027348611
0.0530452447106548
0.102103869367199
0.134371523063126
-0.00735820957914963
-0.0174097581196849
0.00769889668718542
-0.00962939981373378
0.106275897730107
0.10799844629155
0.0243373339728792
0.0341317666204751
0.124368344651058
0.0804190012918414
0.0719453985841874
0.142010341973025
0.0699309360024772
0.0631715851418435
0.0369283755646929
0.101831259008255
0.111028485168312
0.116876202810113
0.103338083200794
0.0355397096826985
0.0656545537411288
0.0270936510235057
0.123960064420597
0.0182567979432656
0.0370159325304698
0.09345219222644
0.0475789555772401
0.0442559799079889
0.0930566764023841
0.0524340664404243
0.0473861095353555
0.0725847475979184
0.0712727620345449
0.0331502218102577
0.0838111259219586
0.0784329341692625
0.0892419813576553
0.0266380421979409
0.0933120466227847
0.0218501572088665
0.0673051445960581
0.037916508844804
0.157423045680091
0.0828223630390662
0.123325811905268
0.16944952669923
0.0364285928086252
0.107192031988707
0.0652706465763287
0.142260462623356
0.0815886075643245
0.110401584820075
0.0130503479685028
0.139319959949178
0.095963449508499
0.147149010259569
0.105925665789159
0.0612425698626912
0.0628762962273968
-0.0412072160603707
0.0400146519213297
0.0267334678030046
0.138211043834163
0.166875198369907
0.109797203652981
0.0771821014007707
0.0483560085632866
0.102100787715052
0.145144045647594
0.0281514384216345
0.0073083159586538
0.0439631882371255
0.126733086839518
0.049376196191386
0.0760992118371314
0.0128284597338785
0.117104725200647
0.0088314721610478
0.0224283491417963
0.101698678394801
0.107751485931134
0.0763807775247903
0.0421288668852127
0.0202397120742446
0.0869216125644036
0.0566853734103137
-0.00521568208275178
0.0624580015041625
0.096084374897253
0.0627356818069704
0.0875688476506874
0.0907213972110142
0.143685321610256
0.0819343105677843
0.135333522338017
-0.0479321281053392
0.0475520251895545
0.0770105613917561
0.130570985822551
0.109255716992593
0.0565583790158885
0.129316080146131
0.112178763070755
0.129017878735211
0.113602415880645
-0.00681529725870083
-0.0421090490995448
0.0496904751509651
0.0647363596096096
0.133850589753478
0.106495197961577
0.0589414162236739
0.0796325789100107
0.147043685671917
0.113948808599729
0.052313594038128
0.0051697029878927
0.0223644896790344
0.152075266546394
0.0727846822635628
0.0452153204710065
0.00801957926164506
0.0409583674608125
0.0614262426068064
0.0564047517523483
0.0605732782065513
0.0351883864428152
0.118404933195369
0.100959839419612
0.0961497371379504
-0.00744980043113725
0.0692909342584879
-0.0454367431441024
0.140963686417375
0.085826451781393
0.0428155969273448
0.0644231615299324
0.0640530844784177
0.0177071708714474
0.10274828951382
0.0248297652441192
0.0850885164716553
0.0220363171304931
0.0352842552529358
0.0474745613815927
0.0760015906338345
0.0842324065311453
0.0454717255535293
0.0227208987072796
0.0318715003536405
0.14054044180706
0.0501673587842603
0.0865594820753123
0.102987791685135
0.0560840688616498
0.00785192905788293
0.0544892342027201
0.0406883823352608
0.0656417006968976
0.118597950040797
0.0513514265454968
0.00481733349316116
