00000000111000000000
00000111111111000000
00001111111111100000
00011111111111110000
00111111111111111000
00111111111111111100
01111111111111111100
01111111111111111110
01111111111111111110
11111111111111111110
11111111111111111110
01111111111111111110
01111111111111111110
01111111111111111100
00111111111111111100
00111111111111111000
00011111111111110000
00001111111111100000
00000111111111000000
00000000111000000000
00000000000000000000
00000000000000000000
00000000011000000000
00000000011000000000
00000000111100000000
00000000111100000000
00000001111110000000
00000011111110000000
00000011111111000000
00000111111111000000
00000111111111100000
00001111111111100000
00001111111111110000
00011111111111110000
00011111111111111000
00111111111111111000
00111111111111111100
01111111111111111100
01111111111111111110
00000000000000000000
00000000000000000000
00000000000000010000
00000000001111111000
00111111111111111000
00111111111111111000
00111111111111111000
00111111111111111100
00111111111111111100
00111111111111111100
00111111111111111100
00111111111111111110
00111111111111111110
00111111111111111110
00111111111111111110
00111111111111111111
00111111111111111111
00111111111111100000
00111111000000000000
00000000000000000000
00000000000000000000
00000000000000000000
00000000000000000000
00000000000000000000
00000000000000011000
00000000000000110000
00000000000001000000
00000000000010000000
00000000000110000000
00000000001100000000
00000000011000000000
00000000110000000000
00000001100000000000
00000011000000000000
00000110000000000000
00000000000000000000
00000000000000000000
00000000000000000000
00000000000000000000
00000000000000000000
00000000000000000000
00000000011000000000
00000001111110000000
00000111111111000000
00001111111111110000
00111111111111111100
01111111111111111110
01111111111111111110
01111111111111111110
01111111111111111110
01111111111111111110
01111111111111111110
01111111111111111110
01111111111111111110
01111111111111111110
01111111111111111100
00011111111111111000
00001111111111110000
00000011111111000000
00000000111100000000
00000000000000000000
00000000000000000000
00111111111111111000
00111111111111111100
00111111111111111000
00111111111111110000
00111111111111100000
01111111111111000000
01111111111110000000
01111111111100000000
01111111111000000000
01111111110000000000
01111111100000000000
01111111000000000000
01111110000000000000
01111100000000000000
01111000000000000000
01110000000000000000
01100000000000000000
01000000000000000000
00000000000000000000
00000000000000000000
00000000110000000000
00000001111000000000
00000011111100000000
00000111111110000000
00001111111111000000
00011111111111110000
00111111111111111000
11111111111111111100
11111111111111111100
01111111111111111000
00111111111111110000
00011111111111100000
00001111111111000000
00000111111110000000
00000011111100000000
00000001111000000000
00000000110000000000
00000000000000000000
00000000000000000000
00000000000000000000
00000000100000000000
00000000100000000000
00000000100000000000
00000000100000000000
00000000100000000000
00000000100000000000
00000000100000000000
00000000100000000000
00000000100000000000
00000000100000000000
00000000100000000000
00000000100000000000
00000000100000000000
00000000100000000000
00000000100000000000
00000000100000000000
00000000100000000000
00000000100000000000
00000000100000000000
00000000000000000000
00000000011111000000
00001111111111100000
00011111111111100000
00111111111111110000
00111111111111111000
01111111111111111000
01111111111111111100
01111111111111111110
01111111111111111110
01111111111111111110
01111111111111111111
01111111111111111110
00000001111111110000
00000000000000000000
00000000000000000000
00000000000000000000
00000000000000000000
00000000000000000000
00000000000000000000
00000000000000000000
00000000000000000110
00000000000000111110
00000000000011111110
00000000001111111110
00000001111111111111
00000111111111111111
00001111111111111111
00111111111111111111
01111111111111111111
00111111111111111111
00001111111111111111
00000011111111111111
00000000111111111111
00000000001111111111
00000000000011111111
00000000000000111111
00000000000000011111
00000000000000000111
00000000000000000001
00000000000000000000
00111111111111111000
00111111111111111000
00111111111111111000
00111111111111111000
00111111111111111000
00111111111111111000
00111111111111111000
00111111111111111000
00111111111111111000
00111111111111111000
00111111111111111000
00111111111111111000
00111111111111111000
00111111111111111000
00111111111111111000
00111111111111111000
00111111111111111000
00111111111111111000
00000000000000000000
00000000000000000000
00000000000001100000
00000000000011100000
00000000000011000000
00000000000111000000
00000000000110000000
00000000001110000000
00000000001100000000
00000000011100000000
00000000011000000000
00000000111000000000
00000001110000000000
00000011100000000000
00000011000000000000
00000011000000000000
00000011000000000000
00000011000000000000
00000011000000000000
00000011000000000000
00000000000000000000
00000000000000000000
00011100000000000000
00011110000000000000
00011110000000000000
00111110000000000000
00111111000000000000
00111111000000000000
00111111000000000000
00111111000000000000
00111111000000000000
00111111000000000000
00111111000000000000
00111111000000000000
00111111000000000000
00111111000000000000
00111110000000000000
00111110000000000000
00011110000000000000
00011100000000000000
00001100000000000000
00000000000000000000
00000000000000000011
00000000000000000111
00000000000000001111
00000000000000011111
00000000000000111111
00000000000001111111
00000000000011111111
00000000000111111111
00000000001111111111
00000000011111111111
00000000111111111111
00000001111111111111
00000011111111111111
00000111111111111111
00001111111111111111
00011111111111111111
00111111111111111111
01111111111111111111
01111111111111111110
00000000000000000000
01111111111111111110
01111111111111111110
01111111111111111110
01111111111111111110
01111111111111111110
01111111111111111110
01111111111111111110
01111111111111111110
01111111111111111110
01111111111111111110
01111111111111111110
01111111111111111110
01111111111111111110
01111111111111111110
01111111111111111110
01111111111111111110
00000000000000000000
00000000000000000000
00000000000000000000
00000000000000000000
00000000000000111000
00000000000000110000
00000000000001100000
00000000000001100000
00000000000011000000
00000000000110000000
00000000000110000000
00000000000110000000
00000000000110000000
00000000000111000000
00000000000110000000
00000000001110000000
00000000111100000000
00000001100000000000
00000011000000000000
00000110000000000000
00001100000000000000
00001000000000000000
00000000000000000000
00000000000000000000
00000000000000000000
00000111111100000000
00011111111111000000
00111111111111000000
00111111111111100000
00111111111111100000
00111111111111100000
00111111111111100000
00111111111111100000
00111111111111100000
00111111111111100000
00111111111111100000
00111111111111100000
00111111111110000000
00011111111100000000
00000011110000000000
00000000000000000000
00000000000000000000
00000000000000000000
00000000000000000000
00000000000001000000
00000000000111100000
00000000001111100000
00000000111111100000
00000001111111110000
00000011111111110000
00000111111111110000
00001111111111111000
00011111111111111000
00111111111111111000
01111111111111111100
00000000000011111100
00000000000000000100
00000000000000000000
00000000000000000000
00000000000000000000
00000000000000000000
00000000000000000000
00000000000000000000
00000000000000000000
00000000000001110000
00000000000111110000
00000000011111110000
00000000111111100000
00000111111111100000
00001111111111100000
01111111111111100000
01111111111111110000
00111111111111110000
00111111111111111000
00011111111111111000
00001111111111111000
00001111111111111000
00000111111111111100
00000111111111111100
00000111111111111100
00001111111111111100
00001111000000000000
00000100000000000000
00000000000000000000
00000100000000000000
00000000000000000000
00000010000000000000
00000110000000000000
00000110000000000000
00000110000000000000
00000110000000000000
00000111000000000000
00000011000000000000
00000001110000000000
00000000110000000000
00000000110000000000
00000000010000000000
00000000001000000000
00000000001000000000
00000000001000000000
00000000001100000000
00000000000000000000
00000000000000000000
00000000000000000000
00000000000000000000
00000111111000000000
00011110011110000000
00111111001110000000
01111111000111000000
01111111100011000000
01111111110011000000
01111111111011000000
00111111111111000000
00111111111111000000
00111111111111000000
00011111111110000000
00001111111100000000
00000010110000000000
00000000000000000000
00000000000000000000
00000000000000000000
00000000000000000000
00000000000000000000
00000000000000000000
00000000000000000000
00000000000000000000
00011111100011111000
01111111111000110000
00111111110001110000
00011111111011100000
00011111111111000000
00001111111111000000
00000111111110000000
00000111111000000000
00000011110000000000
00000001110000000000
00000001100000000000
00000001000000000000
00000000000000000000
00000000000000000000
00000000000000000000
00000000000000000000
00000000000000000000
00000000000000000000
00000000000000000000
00000000110000000000
00000001111000000000
00000111111000000000
00001111111100000000
00111111111110000000
00110111111110000000
00100111111111000000
00000111111111100000
00100111111111110000
00010011111111111000
00011011111111111000
00001111111111111100
00001111111111100000
00000111111100000000
00000011111000000000
00000011100000000000
00000001000000000000
00000000000000000000
00000000000000000000
00000000000000000000
00000000000000000000
00000000000000000000
00000000000000000000
00000000000000000000
00000000000000000000
00000001101100000000
01111111000111111111
01000000000000000000
00000000000000000000
00000000000000000000
00000000000000000000
00000000000000000000
00000000000000000000
00000000000000000000
00000000000000000000
00000000000000000000
00000000000000000000
00000000000000000000
00000000000000000000
00000000000000000000
00000011110000000000
00000111111100000000
00001111111110000000
00001111111111000000
00001111111111000000
00001111111111100000
00001111111111100000
00001111111111110000
00001111111111110000
00000111111111110000
00000111111111100000
00000011111111000000
00000001111110000000
00000001111000000000
00000000000000000000
00000000000000000000
00000000000000000000
00000000000000000000
00000000000000000000
00000000000000000000
00000000100000000000
00000000110000000000
00000001111000000000
00000011111000000000
00000111111100000000
00001111111110000000
00001111111111000000
00011111111111100000
00111111111111110000
01111111111111111100
00000011100000000000
00000000000000000000
00000000000000000000
00000000000000000000
00000000000000000000
00000000000000000000
00000000000000000000
00000000000000000000
00000000000000000000
00000000000000000000
00000000000000000000
00011110000001110000
00011111111111111000
00011111111111111000
00001111111111111000
00001111111111111000
00001111111111111000
00001111111111111000
00001111111111111000
00011111111111111000
00011111111111111000
00011111111111111100
00000000000000000000
00000000000000000000
00000000000000000000
00000000000000000000
00000000000000000000
00000000000000000000
00000000000000000000
00000000000000100000
00000000000000100000
00000000000011000000
00000000000110000000
00000000000110000000
00000000001100000000
00000000011000000000
00000000110000000000
00000001100000000000
00000011000000000000
00000110000000000000
00001100000000000000
00011000000000000000
00110000000000000000
01100000000000000000
00000000000000000000
00000000000000000000
00000000000000000000
00000000000000000000
00000000000000000000
00000000000000000000
00000000111100000000
00000001111110000000
00000011111111000000
00000011111111000000
00000011111111100000
00000111111111100000
00000111111111100000
00000111111111100000
00000111111111100000
00000111111111100000
00000111111111100000
00000111111111100000
00000011111111100000
00000011111111000000
00000011111111000000
00000001111110000000
00000000111100000000
00000000000000000000
00000000000000000000
00000100000000000000
00000110000000000000
00000111000000000000
00000111000000000000
00000111100000000000
00000111110000000000
00000111111000000000
00000111111000000000
00000111111100000000
00000111111110000000
00000111111111000000
00000111111111000000
00000111111111100000
00000111111111110000
00000111111111111000
00000111111111111000
00000111111111111100
00000111111111111110
00000111111111111110
00000000000000000000
00000000001000000000
00000000111100000000
00000001111110000000
00000011111111000000
00000111111111100000
00001111111111110000
00011111111111111000
00111111111111111100
01111111111111111110
00111111111111111100
00001111111111111000
00000111111111110000
00000011111111000000
00000001111110000000
00000000111100000000
00000000011000000000
00000000000000000000
00000000000000000000
00000000000000000000
00000000000000000000
00000000000000000000
00010000000000000000
00001000000000000000
00000100000000000000
00000010000000000000
00000001000000000000
00000001100000000000
00000000110000000000
00000000001000000000
00000000000100000000
00000000000010000000
00000000000010000000
00000000000001000000
00000000000000100000
00000000000000110000
00000000000000000000
00000000000000000000
00000000000000000000
00000000000000000000
00000000000000000000
00000000000000000000
00000000000000000000
00000000000000000000
00000000000000000000
00000000000000000000
00000000000000000000
00000111111111110000
00011111111111111100
00111111111111111110
01111111111111111111
01111111111111111111
11111111111111111111
01111111111111111111
01111111111111111110
00111111111111111100
00001111111111111000
00000001111111000000
00000000000000000000
00000000000000000000
00000000000000000000
00000000000000000000
00000000000000001000
00000000000000111000
00000000000001111000
00000000000011111000
00000000001111111000
00000000011111111000
00000001111111111000
00000011111111111000
00000111111111111000
00001111111111111000
00001111111111111000
00011111111111111000
00111111111111111000
01111111111111111000
00000011111111111000
00000000000000011000
00000000000000000000
00000000000000000000
00000000000000000000
00000000000000000000
00000000000000000000
00011111110000000000
00011111110000000000
00011111110000000000
00011111110000000000
00011111110000000000
00011111110000000000
00011111110000000000
00011111110000000000
00011111110000000000
00011111110000000000
00011111110000000000
00011111110000000000
00011111110000000000
00011111110000000000
00011111110000000000
00011111110000000000
00011111100000000000
00000000000000000000
00000000000000000000
00000000000000000000
00000000000000000000
00000000000000000000
00000000000000000010
00000000000000011100
00000000000111110000
00000000001111000000
00000001111100000000
00000011100000000000
00001100000000000000
00110000000000000000
11000000000000000000
00000000000000000000
00000000000000000000
00000000000000000000
00000000000000000000
00000000000000000000
00000000000000000000
00000000000000000000
00000000111000000000
00000011111110000000
00000111111111000000
00001111111111100000
00001111111111100000
00001111111111110000
00011111111100110000
00011111111100110000
00001111111101110000
00001111111111110000
00000111111111100000
00000111111111100000
00000011111111000000
00000011111100000000
00000000000000000000
00000000000000000000
00000000000000000000
00000000000000000000
00000000000000000000
00000000000000000000
00000000110000000000
00000001111000000000
00000001111000000000
00000011111100000000
00000011111100000000
00000111111110000000
00000111111110000000
00001111111111000000
00001111111111000000
00011111111111100000
00011111111111100000
00111111111111110000
00111111111111111000
00111111111111111000
01111111111111111100
01111111111111111110
11111111111111111110
00000000000011111000
00000000000000000000
00000000000000000000
00000000000000000000
00000000000000000000
00000000000000011000
00000000000111111000
00000001111111111100
00001111111111111100
00111111111111111100
01111111111111111100
01111111111111111100
00111111111111111110
00111111111111111110
00111111111111111110
00011111111111111110
00011111111111111110
00001111111111111111
00001111111111111100
00001111111111000000
00000111110000000000
00000110000000000000
00000000000000000000
00000000000000000000
00000000110000000000
00000000110000000000
00000000110000000000
00000000110000000000
00000000110000000000
00000000110000000000
00000000110000000000
00000000110000000000
00000000110000000000
00000000110000000000
00000000110000000000
00000000110000000000
00000000110000000000
00000000110000000000
00000000110000000000
00000000110000000000
00000000110000000000
00000000000000000000
00000000110000000000
00000001111100000000
00000011111110000000
00000111111110000000
00001111111111000000
00001111111111100000
00011111111111100000
00011111111111100000
00011111111111110000
00011111111111110000
00011111111111110000
00001111111111110000
00001111111111110000
00000111111111100000
00000111111111100000
00000011111111100000
00000011111111000000
00000000111111000000
00000000011110000000
00000000000000000000
00000000000000000000
00000000000000000000
00000000000001111110
00000001101111111100
00011111111111111100
00001111111110111000
00001111111100011000
00000111111101110000
00000111111111100000
00000011111111100000
00000011111111000000
00000001111111000000
00000000111111000000
00000000111110000000
00000000111100000000
00000000011100000000
00000000011000000000
00000000010000000000
00000000000000000000
00000000000000000000
00000000000000000000
00000000000000000000
00111111111111111110
01111111111111111111
01111111111111111111
01111111111111111011
01111111111111110111
01111111111111110111
01111111111111100111
01111111111111101111
01111111111111001111
01111111111111001111
01111111111111011111
01111111111111011111
01111111111111111111
01111111111111111111
01111111111111111111
00000000000000000000
00000000000000000000
00000000000000000000
00000000000000000000
00000000000000000000
00000000000000000000
00000000000000000000
00000000000000000000
00000000000000000000
00000000000000000000
11101111111111111110
00000000000000000000
00000000000000000000
00000000000000000000
00000000000000000000
00000000000000000000
00000000000000000000
00000000000000000000
00000000000000000000
00000000000000000000
00000000000000000000
00000000000000000000
00000000000000000000
00000000000000000000
00000000000000000000
00000000000000000000
00000000111111100000
00000001111111111000
00000011101111111100
00000111011111011100
00001111111111011110
00001110111111001110
00001110111111101110
00001111111111101111
00001111111111110111
00001111111111110110
00001111111111111110
00001111111111111110
00000111111111111100
00000011111111111100
00000001111111111000
00000000111111100000
00000000000000000000
00000000000000000000
00000000010000000000
00000000011000000000
00000000111000000000
00000001101100000000
00000001000110000000
00000010000110000000
00000010000011000000
00000111111111000000
00001111111111100000
00001111111111110000
00011111111111110000
00011111111111111000
00111111111111111000
01111111111111111100
01100000000000000110
11100000111110000110
11111111111111111110
00000000000000000000
00000000000000000000
00000000000000000000
00000000000000000000
00011111111111111100
00010000011111111100
00010000111111111100
00010001111111111100
00010011111111111100
00010111111111111100
00011111111111111100
00011111111111111100
00011111111111111100
00011111111111100100
00011111111111000100
00011111111110000100
00011111111110000100
00011111111100000100
00011111111000011100
00011111111111111100
00000000000000000000
00000000000000000000
00000000000000000000
00000000000000001000
00000000000000110000
00000000000111100000
00000000001110000000
00000000010000000000
00000000000000000000
00000000100000000000
00000000000000000000
00000001000000000000
00000010000000000000
00001100000000000000
00001000000000000000
00010000000000000000
00100000000000000000
00100000000000000000
01000000000000000000
00000000000000000000
00000000000000000000
00000000000000000000
00000000000000000000
00000000000000000000
00000111111100000000
00001111111111000000
00011111111111100000
00111111111111110000
00111110011111110000
00111100001111111000
00111100000111111000
00111100000111111000
00111100000111111000
00111110001111111000
00111111111111111000
00011111111111111000
00011111111111110000
00001111111111110000
00000111111111000000
00000000111000000000
00000000000000000000
00000000000000000000
00000000000000000000
00000000000000000000
00000000000001000000
01111111111111111000
01111111111111111000
00111111100011111000
00011111100001110000
00001111100001110000
00000111110001110000
00000011111001110000
00000001111111110000
00000000111111110000
00000000011111110000
00000000011111100000
00000000001111100000
00000000000011100000
00000000000001100000
00000000000001100000
00000000000000100000
00000000000000000000
00000000000000000000
00000000000000000000
00000000011000000000
00000000111100000000
00000001111110000000
00000011111111100000
00000111111111100000
00011111111111110000
00111111000111111000
01111110000011111100
01111110000011111110
01111111000011111100
00111111100111110000
00011111111111100000
00001111111111000000
00000111111110000000
00000011111100000000
00000011111000000000
00000001110000000000
00000000100000000000
00000000000000000000
00000000000010000000
00000000000110000000
00000000000110000000
00000000000100000000
00000000001100000000
00000000001100000000
00000000001100000000
00000000001100000000
00000000000000000000
00000000000000000000
00000000011000000000
00000000011000000000
00000000011000000000
00000000010000000000
00000000110000000000
00000000110000000000
00000000100000000000
00000000100000000000
00000000100000000000
00000000000000000000
00000000000000000000
00001111000000000000
00011111111110000000
00111111111111000000
00111111111111100000
00111111011111100000
00111111001111110000
01111111000111110000
00111110000011110000
00111110000011110000
00111110000001110000
00111100000011110000
00011111111111110000
00011111111111100000
00001111111111100000
00000011111100000000
00000000000000000000
00000000000000000000
00000000000000000000
00000000000000110000
01111111111111111110
00111111111111111110
00011111111111111110
00001111110011111110
00000111110001111100
00000011110000111100
00000011110000111000
00000001110011111000
00000001110111110000
00000000111111110000
00000000111111100000
00000000011111100000
00000000011111100000
00000000001111000000
00000000000111000000
00000000000111000000
00000000000010000000
00000000000010000000
00000000000000000000
00000000000000000000
00000000000000000000
00000000000000000000
00001000000000000000
01111111111111100000
01111111111111111100
01111111111111111100
01111111101111111100
01111111001111111100
01111110000111111100
01111100000111111100
01111000000011111100
01111000000011111100
01111100000001111100
11111111111111111100
11111111111111111100
01111111111111111100
01111111111111111100
00011111000011111100
00000000000000000000
00000000000000000000
00000000000000001000
00000000000000110000
00000000000001100000
00000000000111000000
00000000000100000000
00000000001100000000
00000000011000000000
00000000010000000000
00000000110000000000
00000001100000000000
00000011000000000000
00000110000000000000
00000100000000000000
00001000000000000000
00010000000000000000
00110000000000000000
00100000000000000000
00000000000000000000
00000000000000000000
00000000000000000000
00000000000000000000
00000111111100000000
00011111111111000000
00011111111111000000
00111111111111100000
00111111100111110000
00111000000111110000
00111000000011111000
00111000000011111000
00111100000011111000
00111100000001111000
00111100000011110000
00111110000111110000
00111110011111110000
00011111111111100000
00011111111111000000
00001111111100000000
00000000000000000000
00000000000000000000
00000000000000000000
00000000011000000000
00000000011100000000
00000000111100000000
00000000111110000000
00000001111111000000
00000001111111000000
00000010000001100000
00000010000000110000
00000111000000110000
00000111000000111000
00001111000000111100
00011111000000011100
00011111000000011100
00111111111111111110
00111111000011111110
00110000000000000110
00000000000000000000
00000000000000000000
00000000000000000000
00000000000000000000
00000000000000000000
00111111111111110000
01111111111111110000
01111111011111110000
01111110001111110000
01111100001111111000
01111000000111111000
01110000000011111000
01100000000001111000
01100000000000111000
01110000000000111000
01111000000000111000
01111100000001111000
01111110000111111000
01111111001111111000
01111111011111111000
01111111101111111000
00000000000000000000
00000000000000000000
00000000000000000000
00000000000000000110
00000000000000001110
00000000000000011000
00000000000000110000
00000000000001100000
00000000000111000000
00000000001110000000
00000000011100000000
00000000110000000000
00000001100000000000
00000011000000000000
00001110000000000000
00011100000000000000
00110000000000000000
01100000000000000000
01000000000000000000
00000000000000000000
00000000000000000000
00000000000000000000
00000000000000000000
00000001111111000000
00000011111111110000
00000111111101111000
00001111111101111100
00011111111011111100
00011111111011111100
00111111110111111110
00111111101111111110
00111111101111111110
00111111011111111110
00111111011111111110
00111110111111111110
00011111111111111110
00011101111111111100
00001111111111111100
00001111111111111000
00000111111111110000
00000001111111100000
00000000001100000000
00000000000000000000
00000000010000000000
00000000111000000000
00000000111000000000
00000001111100000000
00000001110100000000
00000011101110000000
00000011101111000000
00000111011111000000
00000110111111100000
00001110111111100000
00001101111111110000
00011011111111110000
00111011111111111000
00110111111111111000
01111111111111111100
01101111111111111100
11111111111111111110
11111111111111111110
00000000000000000000
00000000000000000000
01111111111111111100
01111111111111111110
01111111111111101110
01111111111111011110
01111111111110011110
01111111111100111110
01111111111001111110
01111111110011111110
01111111100111111110
01111111001111111110
01111110011111111110
01111100111111111110
01111001111111111110
01111011111111111110
01110111111111111110
01101111111111111110
01111111111111111110
01111111111111111100
00000000000000000000
00000000000000000000
00000000000000011100
00000000000000111000
00000000000001110000
00000000000011100000
00000000000111000000
00000000001110000000
00000000011100000000
00000000111000000000
00000001110000000000
00000011100000000000
00000111000000000000
00001110000000000000
00011100000000000000
00111000000000000000
01110000000000000000
01100000000000000000
00000000000000000000
00000000000000000000
00000000000000000000
00000000000000000000
00011100000000000000
00011111110000000000
00011111111100000000
00111111111110000000
00111111111111000000
00111111111111100000
00111111111111110000
00111111111111110000
00011111111111110000
00011111111111111000
00011111111111111000
00011111111111111000
00001111111111111000
00000111111111111000
00000111111111111000
00000011111111110000
00000000011111110000
00000000000000000000
00000000000000000000
00000000000000000000
00000000000000000000
00000000000001100000
00000000000011100000
00000000001111110000
00000000011111110000
00000001111111110000
00000111111111110000
00001111111111111000
00011111111111111000
00111111111111111000
01111111111111111100
11111111111111111100
11111111111111111100
11111111111111111110
11111111111111111110
00001111111111111110
00000000000000000000
00000000000000000000
00000000000000000000
00000000000000000000
00000000000000000000
00000000000000000000
00011110000000001000
00011111110000111000
00011111111111111000
00011111111111111000
00011111111111111000
00011111111111111000
00011111111111111000
00011111111111111000
00011111111111111000
00011111111111111100
00011111111111111100
00011111111111111100
00011111111111111100
00000000000000011100
00000000000000000000
00000000000000000000
00000000000000000000
00000000000000000000
01100000000000000000
00110000000000000000
00011000000000000000
00001100000000000000
00000110000000000000
00000011000000000000
00000001100000000000
00000000110000000000
00000000011000000000
00000000001100000000
00000000001110000000
00000000001111000000
00000000000111000000
00000000000001100000
00000000000000110000
00000000000000011000
00000000000000011100
00000000000000000000
00000000000000000000
00000000000000000000
00000000000000000000
00000000000001110000
00000000001111111100
00000001111111111110
00000011111111111110
00001111111111111110
00001111111111111100
00001111111111111100
00011111111111111000
00011111111111110000
00011111111111110000
00011111111111100000
00011111111111000000
00001111111110000000
00001111111100000000
00000111110000000000
00000000000000000000
00000000000000000000
00000000000000000000
00000000000000000000
00000000000000000000
00000000000000010000
00000000000000110000
00000000000001110000
00000000000111110000
00000000011111110000
00000000111111110000
00000001111111110000
00000111111111110000
00001111111111110000
00111111111111110000
00111111111111110000
00001111111111110000
00000011111111110000
00000000011111110000
00000000000011110000
00000000000000110000
00000000000000010000
00000000000000000000
00000000000000000000
00000000010000000000
00000000011000000000
00000000111100000000
00000000111110000000
00000001111111000000
00000011111111110000
00000111111111111000
00001111111111111100
00011111111111111100
00111111111111100000
01111111111111000000
01111111111100000000
00111111110000000000
00011111000000000000
00011110000000000000
00001000000000000000
00000000000000000000
00000000000000000000
00000000000000000000
00000000000000000000
00000000000000000000
00110000000000000000
00011000000000000000
00001110000000000000
00001111000000000000
00000111100000000000
00000011111000000000
00000000011100000000
00000000000110000000
00000000000011100000
00000000000011110000
00000000000001111000
00000000000000011100
00000000000000001000
00000000000000000000
00000000000000000000
00000000000000000000
00000000000000000000
00000000000000000000
00000000000000000000
00000110000000000000
00001111111000000000
00011111111111000000
00111111111111100000
01111111111111110000
01111111111111110000
01111111111111111000
01111111111111111000
01111111111111111000
00111111111111111100
00111111111111111100
00111111111111111100
00111111111111111000
00011111111111111000
00011111111111111000
00001111111111111000
00000111111111111000
00000011111111110000
00000000000000000000
00000000000000000000
00100000000000000000
00110000000000000000
00111100000000000000
00111111000000000000
00111111111000000000
00111111111100000000
00111111111111000000
00111111111111100000
00111111111111111000
00111111111111110000
00111111111111000000
00111111111110000000
00111111110000000000
00111111000000000000
00111100000000000000
00111000000000000000
00100000000000000000
00000000000000000000
00000000000000000000
00000000000000000000
00000000010000000000
00000001111000000000
00000011111100000000
00000111111110000000
00001111111110000000
00011111111111000000
00111111111111100000
01111111111111100000
11111111111111110000
01111111111111111000
00111111111111111100
00000111111111111110
00000000111111111110
00000000000011111110
00000000000001111110
00000000000000011100
00000000000000001100
00000000000000000000
00000000000000000000
01000000000000000000
01100000000000000000
00010000000000000000
00001000000000000000
00000100000000000000
00000010000000000000
00000010000000000000
00000001000000000000
00000000100000000000
00000000010000000000
00000000011000000000
00000000001100000000
00000000000110000000
00000000000011000000
00000000000001100000
00000000000001110000
00000000000000110000
00000000000000001000
00000000000000000100
00000000000000000000
00000000000000000000
00000000000000000000
00000001111100000000
00000011111110000000
00000111111111000000
00001111111111000000
00001111111111100000
00011111111111100000
00111111111111100000
00111111111111100000
00111111111111100000
00111111111111000000
00111111111110000000
00111111111100000000
00111111111000000000
00011111110000000000
00011111100000000000
00001111000000000000
00000000000000000000
00000000000000000000
00000000000000000000
00000000000000000000
00000000100000000000
00000000110000000000
00000001111000000000
00000001111000000000
00000011111100000000
00000011111100000000
00000111111110000000
00000111111110000000
00001111111111000000
00001111111111100000
00011111111111100000
00011111111111110000
00111111111111110000
00111111111111111000
00011101111111110000
00000000000000000000
00000000000000000000
00000000000000000000
00000000000000000000
00001111111111111100
00011111111111111100
00011111111111111100
00011111111111111100
00011111111111111100
00011111111111111100
00011111111111111100
00011111111111111100
00011111111111111100
00011111111111111100
00011111111111111100
00011111111111111100
00011111111111111100
00011111111111111100
00011111111111111100
00001111111111111100
00000111111111111100
00000000111111110000
00000000000000000000
00000000000000000000
00000000011100000000
00000000011100000000
00000000011100000000
00000000011100000000
00000000011100000000
00000000011100000000
00000000011100000000
00000000011100000000
00000000011100000000
00000000011100000000
00000000011100000000
00000000011100000000
00000000011100000000
00000000011100000000
00000000011100000000
00000000001000000000
00000000000000000000
00000000000000000000
00000000000000000000
00000000000000000000
00000000000000000000
00000000011111000000
00000001111111100000
00000011111111110000
00000111111111110000
00001111111111110000
00011111111111111000
00011111111111111000
00011111111111111000
00011111111111111000
00001111111111111000
00001111111111111000
00000111111111110000
00000001111111100000
00000000111111000000
00000000000000000000
00000000000000000000
00000000000000000000
00000000000000000000
00000000000000000000
00000000000000000000
00000011100000000000
00000111110000000000
00001111111000000000
00001111111100000000
00011111111111000000
00011111111111100000
00011111111111110000
00011111111111111000
00011111111111111100
00011111111111111110
00011111111111110000
00011111111110000000
00011111110000000000
00001110000000000000
00000000000000000000
00000000000000000000
00000000000000000000
00000000000000000000
00000000000000000000
00011111111111111110
00111111111111111110
00111111111111111110
00111111111111111110
01111111111111111110
01111111111111111110
01111111111111111110
01111111111111111110
01111111111111111110
01111111111111111110
01111111111111111110
00111111111111111110
00111111111111111110
00111111111111111110
00011111111111111110
00011111111111111110
00000000000000000000
00000000000000000000
00000000000000000000
00000000000000000000
00000000000000000000
00000000000000000000
00000000000000000000
00000000000000000000
00000000000000000000
00000000000000000000
01111111100000000000
01100000001111000000
00000000000000000000
00000000000000000000
00000000000000000000
00000000000000000000
00000000000000000000
00000000000000000000
00000000000000000000
00000000000000000000
00000000000000000000
00000000000000000000
00000000000000000000
00000000000000000000
00000000000110000000
00000000011111000000
00000001111111100000
00000011111111100000
00000111111111110000
00001111111111111000
00001111111111111000
00011111111111111000
00011111111111111000
00011111111111111000
00011111111111111000
00011111111111111000
00011111111111111000
00001111111111110000
00001111111111100000
00000111111111000000
00000001111110000000
00000000000000000000
00000000000000000000
00000000000000000000
00000000000000000000
00000111111111000000
00111111111111110000
00111111111111110000
00111111111111110000
00011111111111100000
00011111111111100000
00001111111111000000
00000111111110000000
00000111111110000000
00000011111100000000
00000011111100000000
00000001111000000000
00000000111000000000
00000000110000000000
00000000000000000000
00000000000000000000
00000000000000000000
00000000000000000000
00000000000000000000
00001111111111110000
00111111111111111100
01111111111111111110
01111111111111111110
01111111111111111110
01111111111111111110
01111111111111111110
01111111111111111110
01111111111111111110
01111111111111111110
01111111111111111110
01111111111111111110
01111111111111111110
01111111111111111110
01111111111111111110
01111111111111111110
01111111111111111110
00000000000000000000
00000000000000000000
00000000000000000000
00000000000000000000
00000000000000000000
00000000000000000000
00000000000000000000
00000000000000000000
00000000000000000000
01100110000001111000
01111111111000011000
00000000000000001000
00000000000000000000
00000000000000000000
00000000000000000000
00000000000000000000
00000000000000000000
00000000000000000000
00000000000000000000
00000000000000000000
00000000000000000000
00000000000000000000
00000000000000000000
00000000000000000000
00000000000000000000
00000011100000000000
00000111111100000000
00001111111111000000
00011111111111100000
00011111111111110000
00011111111111111000
00011111111111111000
00011111111111110000
00011111111111100000
00011111111111000000
00001111111111000000
00000111111110000000
00000011111100000000
00000000000000000000
00000000000000000000
00000000000000000000
00000000000000000000
00000000000000000000
00000000000000001100
00000000000000011100
00000000000001111110
00000000000111111110
00000000001111111110
00000000111111111110
00000011111111111110
00000111111111111110
00011111111111111110
00011111111111111110
00000111111111111110
00000001111111111110
00000000111111111110
00000000001111111110
00000000000011111110
00000000000000111110
00000000000000011100
00000000000000000100
00000000000000000000
00000000000000000000
01111111111111111100
01111111111111111100
01111111111111111110
01111111111111111110
01111111111111111110
01111111111111111110
01111111111111111110
01111111111111111110
01111111111111111110
01111111111111111110
01111111111111111111
01111111111111111111
01111111111111111110
01111111111111111110
01111111111111111110
01111111111111111110
01111111111111111100
00111111111111111100
00000000000000000000
00000000000000000000
00000001110000000000
00000001110000000000
00000000110000000000
00000000110000000000
00000000100000000000
00000000100000000000
00000000100000000000
00000000100000000000
00000000100000000000
00000000100000000000
00000000100000000000
00000000100000000000
00000000100000000000
00000000100000000000
00000000110000000000
00000000110000000000
00000000110000000000
00000000110000000000
00000000000000000000
00000000000000000000
00000101100000000000
00001000011110000000
00010000000011100000
00010000000000110000
00100000000000010000
00100000000000010000
00000000000000010000
01000000000000001000
01000000000000001000
01000000000000001000
01000000000000001000
01000000000000000000
01000000000000000100
00000000000000000000
00100000000000001000
00100000000000001000
00010000000000110000
00001110111111000000
00000111111100000000
00000000000000000000
00000000110000000000
00000000101000000000
00000001000100000000
00000001000100000000
00000010000100000000
00000000000010000000
00000100000011000000
00001000000001000000
00001000000001100000
00010000000000100000
00010000000000110000
00110000000000010000
00100000000000011000
00111100000000001000
00000111100000001100
00000000111100000100
00000000000011100010
00000000000000111110
00000000000000000010
00000000000000000000
00000000110000000000
00000011001000000000
00000110000100000000
00000100000110000000
00001000000011000000
00010000000001110000
00100000000000111000
01000000000000001100
01000000000000000110
00100000000000000011
00011000000000000010
00001100000000000110
00000110000000001100
00000011000000001000
00000001100000010000
00000000110000110000
00000000001001100000
00000000001111000000
00000000000010000000
00000100000000000000
00000110000000000000
00000011000000000000
00000001100000000000
00000000010000000000
00000000100000000000
00000000001000000000
00000000001000000000
00000000000000000000
00000000000100000000
00000000001100000000
00000000001100000000
00000000001100000000
00000000001100000000
00000000001100000000
00000000001100000000
00000000001100000000
00000000001100000000
00000000011000000000
00000000011000000000
00000000000000000000
00000000011100000000
00000011111111000000
00000111011111110000
00001110001111111000
00011110001111111000
00011100001110111100
00111100000110011100
00111000000110011100
00111000000100011110
00111000000100011110
00111000000100011100
00111000001100011100
00011000001100011100
00011100001100011000
00001100011100011000
00000110111100110000
00000011111111100000
00000000111110000000
00000000000000000000
00000001000000000000
00000011110000000000
00000010011000000000
00000110001100000000
00000100000110000000
00001100000001100000
00001100000000110000
00001000000000110000
00001000000000011000
00001000000000011100
00010000000000001110
00010000000000011100
00010000000000110000
00000000000001000000
00100000000110000000
00100000001000000000
00100000110000000000
00100001100000000000
01100100000000000000
01111000000000000000
00000000000000000000
00001111100000000000
00011001111110000000
00010000000011110000
00110000000000011000
00110000000000011000
01100000000000110000
01100000000000110000
11000000000001100000
11000000000001100000
01100000000011000000
00111000000011000000
00111110000010000000
00011111000110000000
00001111100100000000
00000111111100000000
00000011111100000000
00000001111000000000
00000000111000000000
00000000000000000000
00000000000000000000
00000000000111000000
00000000001100000000
00000000011000000000
00000000110000000000
00000000110000000000
00000000110000000000
00000000100000000000
00000000100000000000
00000000110000000000
00000000010000000000
00000000010000000000
00000000011000000000
00000000011000000000
00000000001100000000
00000000001100000000
00000000001110000000
00000000000111000000
00000000000111000000
00000000000000000000
00000000000000000000
00000001111100000000
00000011111110000000
00000111111111000000
00001111111111000000
00001111111111100000
00001111111111100000
00011111111111100000
00011111111111100000
00011111111111100000
00011111111111110000
00011111111111100000
00011111111111100000
00011111111111100000
00001111111111100000
00001111111111100000
00001111111111000000
00000111111111000000
00000011111110000000
00000001111100000000
00000000111111000000
00000000111111000000
00000000111110000000
00000000111110000000
00000000111110000000
00000000011110000000
00000000011110000000
00000000011110000000
00000000011110000000
00000000011100000000
00000000011100000000
00000000011100000000
00000000001100000000
00000000001100000000
00000000001100000000
00000000001100000000
00000000001000000000
00000000001000000000
00000000001000000000
00000000000000000000
00000000111110000000
00000001111111000000
00000001111111000000
00000001111111000000
00000001111111000000
00000001111111000000
00000001111111000000
00000001111111000000
00000001111111000000
00000001111111000000
00000001111111000000
00000001111111000000
00000001111111000000
00000001111111000000
00000001111111000000
00000001111111000000
00000001111111000000
00000001111111000000
00000001111111000000
00000001111110000000
00000000000000000000
00000000000000000000
00000000000000000000
00000011111100000000
00011111111111000000
00110000001111110000
01100000000000011000
01000000000000001100
10000000000000000100
00000000000000000010
00000000000000000000
00000000000000000000
00000000000000000000
00000000000000000000
00000000000000000000
00000000000000000000
00000000000000000000
00000000000000000000
00000000000000000000
00000000000000000000
00000000000000000000
00000000000000000000
00000000000000000000
00000000000000000000
00000000000000000000
00000000000000000000
00000111111111100000
00111111111111111100
01111111111111111110
11111111111111111111
11111111111111111111
01111111111111111110
00111111111111111100
00001111111111110000
00000000000000000000
00000000000000000000
00000000000000000000
00000000000000000000
00000000000000000000
00000000000000000000
00000000000000000000
00000000000000000000
00000000000000000000
00000000000000000000
00000000000000000000
00000000000000000000
10000000000000000000
11111110000000000000
11111111111100000000
11111111111111111000
11111111111111111100
11111111111110000000
11111111000000000000
11000000000000000000
00000000000000000000
00000000000000000000
00000000000000000000
00000000000000000000
00000000000000000000
00000000000000000000
00000000000000000000
00000000000000000000
00000000000000000000
00000000000000000000
00000000000000000000
00000000000000000000
00000000000000000000
00000000000000000000
11111111111111111111
11111111111111111111
11111111111111111111
11111111111111111111
11111111111111111111
00000000000000000000
00000000000000000000
00000000000000000000
00000000000000000000
00000000000000000000
00000000000000000000
00000000000000000000
00000000000000000000
00000000000000000000
00000000000000000000
00000000000000000000
00000000000000000000
00000000000000000000
00000000000000000000
00000000000000000000
00000000000000000011
00000000000000000110
00000000000000001100
11100000000000011000
00011101000000100000
00000011111111000000
00000000000000000000
00000000000000000000
00000000000000000000
00000000000000000000
00000000000000000000
00000000000000000000
00000000000000000000
00010000000000000000
00111110000000000000
00111111000000000000
00111111110000000000
00111111111100000000
00111111111110000000
00111111111111000000
00011111111111100000
00011111111111100000
00001111111111110000
00000111111111110000
00000011111111111000
00000001111111111000
00000000111111111000
00000000011111111100
00000000000111111100
00000000000001111100
00000000000000011100
00000000000000000000
00000000000000000000
00000000000000000000
00000000000000000000
00010000000000000000
00001100000000000000
00000111000000000000
00000111100000000000
00000011110000000000
00000001111100000000
00000000111110000000
00000000111111000000
00000000011111110000
00000000011111111000
00000000001111111110
00000000000111111110
00000000000011111100
00000000000011111000
00000000000001110000
00000000000000110000
00000000000000000000
00000000000000000000
00001110000000000000
00011110000000000000
01111111000000000000
11111111100000000000
01111111110000000000
00111111111100000000
00111111111110000000
00011111111111000000
00000111111111100000
00000111111111110000
00000011111111111000
00000001111111111100
00000000011111111110
00000000001111111111
00000000000111111111
00000000000011111110
00000000000001111110
00000000000000111100
00000000000000011000
00000000000000000000
00100000000000000000
00100000000000000000
00010000000000000000
00001000000000000000
00000100000000000000
00000010000000000000
00000001000000000000
00000000100000000000
00000000010000000000
00000000011000000000
00000000001100000000
00000000000100000000
00000000000010000000
00000000000001000000
00000000000000100000
00000000000000010000
00000000000000001000
00000000000000001100
00000000000000000110
00000000000000000000
00000000000001111100
00000000000111111100
00000000001111111100
00000000111111111100
00000001111111111100
00000011111111111100
00000111111111111100
00001111111111111000
00001111111111111000
00011111111111111000
00111111111111110000
00111111111111110000
01111111111111100000
01111111111111100000
01111111111110000000
11111111111100000000
11111111110000000000
11111111000000000000
01111000000000000000
00000000000000000000
00000000000000000111
00000000000000001110
00000000000001111110
00000000000111111100
00000000011111111100
00000000111111111000
00000011111111111000
00000111111111110000
00011111111111110000
00111111111111100000
01111111111111100000
11111111111111000000
01111111111111000000
00011111111110000000
00001111111110000000
00000111111100000000
00000011111000000000
00000000111000000000
00000000010000000000
00000000000000100000
00000000000001111000
00000000000011111100
00000000000111111110
00000000001111111111
00000000111111111111
00000001111111111110
00000111111111111100
00001111111111111000
00011111111111110000
01111111111111100000
11111111111111000000
11111111111110000000
01111111111100000000
01111111111000000000
00111111110000000000
00011111100000000000
00011111000000000000
00001110000000000000
00000000000000000000
00000000000000000001
00000000000000000010
00000000000000001100
00000000000000011000
00000000000000110000
00000000000011110000
00000000000111100000
00000000001111000000
00000000011110000000
00000000111000000000
00000001111000000000
00000011100000000000
00000111100000000000
00001111000000000000
00011110000000000000
00011100000000000000
00111000000000000000
01110000000000000000
01100000000000000000
00000000000000000000
00000000000000000000
00000001111111000000
00000111111111100000
00001110000001111000
00011100000000111000
00011000000000011100
00110000000000001100
00111000111111111110
00111111111111111110
00111111111111111110
00111111111111111110
00111111111111111110
00111111111111111110
00111000000000001100
00111000000000001100
00011000000000011100
00001100000000111000
00000110000001110000
00000011111111100000
00000000111110000000
00000000000000000000
00000000000001011110
00111111111111111110
00111111111111100110
00011101111000001110
00001100000000011110
00001110000011111100
00000110001111111100
00000111001111111100
00000111111111111000
00000011111111111000
00000011111111110000
00000001111111110000
00000000111111100000
00000000111111000000
00000000011111000000
00000000011110000000
00000000001100000000
00000000000100000000
00000000000000000000
00000000000000000000
00000000000000000000
00000001111111111100
00111111111100001110
00111111111110000110
00011111111110000110
00011111111111000110
00011111111111000110
00011111111111100110
00011111111111101110
00010001111111111110
00010000011111111100
00010000000111111100
00010000000000111100
00010000000000001100
00011111110000000100
00011111111111111100
00000000011111100000
00000000000000000000
00000000000000000000
00000000000000000000
00000000000000000000
00000000000000001000
00000000000000010000
00000000000000110000
00000000000000100000
00000000000001000000
00000000000011000000
00000000000010000000
00000000000110000000
00000000001100000000
00000000011100000000
00000000011100000000
00000000111100000000
00000001111110000000
00000011111110000000
00001111111000000000
00111110000000000000
01100000000000000000
00000000000000000000
00000000000000000000
00001111111100000000
00111111111111000000
00111111111111110000
01111111111110110000
01111111001110011000
01111111000111001000
01110011000011001000
01110001100011100100
00111000100011111100
00111000110001111100
00111000111011111000
00111100011111111000
00011100111111111000
00011111111111110000
00011111111111100000
00001111111111000000
00001111111110000000
00000001111000000000
00000000000000000000
00000000000000000000
00110000000000000000
00111100000000000000
00111110000000000000
00101111100000000000
00101111110000000000
00101110111110000000
00101110111111110000
00101110111111111000
00101110111101111110
00101111111101111100
00111111111111110000
00111111111111000000
00111111111000000000
00111111100000000000
00111110000000000000
00011100000000000000
00010000000000000000
00000000000000000000
00000000000000000000
00000000000000000000
00000000000000000000
01111111111111111110
01111111111111111110
01101111111111111110
01101111101111101110
01100111101111100110
01100111100111100110
01100111100111100110
01100111100111100110
01100111100111100110
01100111100111100110
01100111100111000110
01101111101111100110
01101111111111100110
01111111111111111110
01111111111111111110
01111111111111111110
00111111111111111100
00000000000000000000
00000000000000000000
00000000000000001100
00000000000000011000
00000000000000010000
00000000000001000000
00000000000010000000
00000000011110000000
00000001111000000000
00000111110000000000
00001111100000000000
00001111000000000000
00011110000000000000
00110000000000000000
00110000000000000000
00100000000000000000
00100000000000000000
01000000000000000000
00000000000000000000
00000000000000000000
00000000000000000000
00000000000000000000
00000000000000000000
00000001111111000000
00000111111111100000
00001111111111111000
00011111111111111000
00111111111111111100
00111111111111111100
00111111111111111110
00111111111111111110
00111111111111111110
00111111111111111110
00111110111111111110
00111111111111111100
00111111111111111100
00011111111111111000
00001111111111111000
00000111111111110000
00000011111111000000
00000000000000000000
00000000000000000000
00000000000000000000
00000000011000000000
00000000011000000000
00000000111100000000
00000000111110000000
00000001100110000000
00000011111111000000
00000011111111000000
00000111111111100000
00000111111111100000
00001111101111110000
00001111111101110000
00011111111111111000
00011111111111111000
00111110011010001100
00111111111000111100
01111011111111111110
11111111111111111111
00000000000000000000
01111111111111111100
01111111111111110100
01111111111111111100
01111110111111111100
01111111111111111100
01111111111111111100
01111111011111111100
01111111111111111100
01111111111111111100
01111111111111111100
01111111111111111100
01111111111011111100
01111111111111111100
01111111111111111100
01111111111111111100
01111111111111111100
01111111111111111100
01111111111111111100
01111111111111111100
00111111111111111100
00000000100000000000
00000000000000000000
00000001000000000000
00000001100000000000
00000001100000000000
00000001100000000000
00000000100000000000
00000001100000000000
00000001000000000000
00000001000000000000
00000001100000000000
00000000100000000000
00000000000000000000
00000001000000000000
00000000000000000000
00000000000000000000
00000000100000000000
00000001000000000000
00000001000000000000
00000001000000000000
00000000000000000000
00000000000000111100
00000000000111111100
00000000011111111100
00000000111111111100
00000011111111111100
00000111011111111100
00001111110111111100
00011110000110111000
00011111111111111000
00111011111111111000
00110011101111110000
00111111111111100000
00111110111111100000
01111101111111000000
01111111111110000000
01111001111000000000
00111111110000000000
00111111100000000000
00011110000000000000
00000000000000000000
00000000000000000000
01111111111111111100
00111111111111111000
00111111110101011000
00111101110101110000
00011111010111110000
00001111100011100000
00001111100011100000
00001111111111000000
00000011111111000000
00000111111110000000
00000011111110000000
00000001111100000000
00000001111100000000
00000000001100000000
00000000111000000000
00000000110000000000
00000000010000000000
00000000000000000000
00000000000000000000
00000000010000000000
00000000111000000000
00000001111100000000
00000011111110000000
00000111111111000000
00001111101111100000
00011111100111110000
00111111100101111000
00111111100111111100
11111111111110111100
01111111111111111100
00011111111111111000
00011111111111100000
00001111111111100000
00000011111111000000
00000011111110000000
00000001111100000000
00000000111000000000
00000000000000000000
00000000000000000000
00000000000000000000
00000000000000000000
00000000000000000000
00000000000000000000
00000000000000000000
00000000000000000000
11111111111111111110
11110111110111111100
00000000000000000000
00000000000000000000
00000000000000000000
00000000000000000000
00000000000000000000
00000000000000000000
00000000000000000000
00000000000000000000
00000000000000000000
00000000000000000000
00000000000000000000
00000000000000000000
00111111100000000000
01111111111100000000
01111111111110000000
01111111111111000000
00111111111111100000
00111110111111110000
00011111111111110000
00011111111111111000
00001111111111111000
00001111111111111100
00000111111111111100
00000011111111111110
00000001111111111110
00000000111111111110
00000000011111111110
00000000000011111110
00000000000000011100
00000000000000000000
00000000000000000000
00000000000000000000
00000000000000000000
00110000000000000000
00011000000000000000
00111010000000000000
00111011000000000000
00111111100000000000
00111111111100000000
00111110111111000000
00111011011111101000
00111111111011000110
00001111111110111110
00011111111111100000
00111111111110000000
00011101111100000000
00111111100000000000
00011110000000000000
00011000000000000000
00000000000000000000
00000000000000000000
00000000000000000000
00000000000000110000
00000000000011100000
00000000000111110000
00000001111111110000
00111111111111110000
01111111111111111000
00111110111111111000
00111111111111111100
00011111111111111100
00001111101111111100
00001111100111111110
00000111111111111110
00000111111111111110
00000111111111111111
00000011111111111111
00000011111111110000
00000001111111000000
00000001111100000000
00000000110000000000
00000000000000000000
00000000000000000000
00111000000000000000
00011100000000000000
00001110000000000000
00000111000000000000
00000011100000000000
00000001110000000000
00000000011100000000
00000000001111000000
00000000000111111000
00000000000000011100
00000000000000001110
00000000000000000000
00000000000000000000
00000000000000000000
00000000000000000000
00000000000000000000
00000000000000000000
00000000000000000000
00000000000000000000
00000000111110000000
00000001101011100000
00000011111111110000
00000111111111111000
00001111111111111000
00001111111111111000
00001111111111111100
00011111111111111100
00011111111111111100
00011111111111111100
00011111111111111100
00011111111111111100
00001111111111111100
00001111111111111000
00000111111111111000
00000111111111110000
00000011111111110000
00000001111111100000
00000000111110000000
00000000000000000000
00000000000000000000
00000000000000011110
00000000001111111110
00000000011111111110
00000001111111111110
00000111111111011110
00001111001111111110
01111111111110011110
00011111111111111110
00000110111111111110
00000011101111111110
00000001111111111100
00000000011111111100
00000000000011111100
00000000000001111100
00000000000000011100
00000000000000001100
00000000000000000000
00000000000000000000
00000000000110000000
00000001111111000000
00001101111111100000
00011111011111100000
01111111111111110000
01111111111111111000
01111111111110111100
01111111111111011110
00111111111011111010
00011111111111111011
00011111111111111110
00001111111111111100
00000111111111111000
00000011111111110000
00000011111111100000
00000001111101000000
00000000111110000000
00000000110100000000
00000000111100000000
00000000011000000000
00000000000000000000
00000000000000001100
00000000000000010100
00000000000000011000
00000000000000100000
00000000000001000000
00000000011000000000
00000000010000000000
00000000000000000000
00000001000000000000
00000011100000000000
00000111100000000000
00001000000000000000
00010000000000000000
00010000000000000000
00000000000000000000
00100000000000000000
00000000000000000000
00000000000000000000
00000000000000000000
00000000000000000000
00000000100100000000
00000111111110000000
00001111111101100000
00011111111011100000
00011111110111011000
00111011101110111000
00110111011101101100
01111110111011011100
01111111110110111100
00111111111101111100
01111111111011110100
01111111110111101100
00111111101111011100
00111111011110111000
00011110111101111000
00011111111011110000
00001111110111100000
00000011101111000000
00000000011100000000
00000000000000000000
00010000000000000000
00011000000000000000
00011000000000000000
00011110000000000000
00010110000000000000
00001101100000000000
00001111110000000000
00001111111000000000
00001111111100000000
00001101111100000000
00001011111110000000
00000111111110000000
00001110111011100000
00001101110111010000
00001011111110111000
00001111111111111100
00001111110111101110
00000000000000000000
00000000000000000000
00000000000000000000
00001000000110000000
00011111111110000000
00011111111111000000
00001111111111000000
00001110111110000000
00001011111101100000
00001111111011100000
00001111110111100000
00001111111111100000
00001110111111110000
00001101111111110000
00001011101111010000
00000111011111110000
00001111111011011000
00000111101101111000
00000110110111110100
00000101011111111100
00000001111110111100
00000011111100000000
00000000000000000000
00000000000000000000
00001100000000000000
00001100000000000000
00001100000000000000
00000000000000000000
00000110000000000000
00000011000000000000
00000001100000000000
00000000100000000000
00000000110000000000
00000000011000000000
00000000011000000000
00000000001000000000
00000000001100000000
00000000000110000000
00000000000111000000
00000000000001100000
00000000000000110000
00000000000000011100
00000000111111100000
00000111111111111000
00011111111111111100
00111111111111111110
01111111111111111110
11111111111111111110
11111111111111111110
11111111111111111110
11111111111111111110
11111111111111111110
01111111111111111110
01111111111111111110
01111111111111111100
00111111111111111100
00111111111111111000
00011111111111111000
00001111111111110000
00000111111111100000
00000001111110000000
00000000000000000000
00000000001100000000
11111111111111111111
01111111111111111111
00111111111111111111
00111111111111111110
00111111111111111110
00011111111111111110
00011111111111111110
00011111111111111110
00011111111111111100
00011111111111111100
00001111111111111000
00001111111111111000
00001111111111110000
00001111111111100000
00000111111110000000
00000111111100000000
00000111110000000000
00000111100000000000
00000010000000000000
01011000000000110000
01111111111111111110
01111111111111111110
01111111111111111110
01111111111111111110
01111111111111111110
01111111111111111110
01111111111111111110
01111111111111111111
01111111111111111111
01111111111111111111
00111111111111111111
00111111111111111111
01111111111111111111
01111111111111111111
01111111111111111110
01111111111111111110
01111111111111111110
00111111111111111110
00000000000000000000
00000000000000000000
00000000000000000000
00000000000000000000
00000000000000000000
00000000000000000000
00000000000000000000
00000000000000000000
00000000000000011110
11100011111111110110
01000000000000000010
00000000000000000000
00000000000000000000
00000000000000000000
00000000000000000000
00000000000000000000
00000000000000000000
00000000000000000000
00000000000000000000
00000000000000000000
00000000000000000000
00000000000000000000
00000011111100000000
00000111111111000000
00001111111111110000
00111111111111111000
00111111111111111100
00111111111111111100
00111111111111111100
00111111111111111100
00111111111111111110
00011111111111111110
00011111111111111110
00011111111111111100
00011111111111111000
00000111111111111000
00000011111111110000
00000000111111100000
00000000001100000000
00000000000000000000
00000000000000000000
00000000100000000000
00000000111100000000
00000001111110000000
00000111111110000000
00000111111111100000
00000111111111111000
00000111111111111100
00000111111111111110
00001111111111111110
00011111111111111100
00011111111111110000
00001111111111100000
00001111111110000000
00111111111100000000
01111111111000000000
00111111000000000000
00111100000000000000
01111100000000000000
01100000000000000000
00000000000000000000
00000000000000000000
00000000000000000000
00000000000011000000
00001111001111111000
00011111111111111000
00111111111111111000
00111111111111111000
00111111111111111000
00111111111111111100
00111111111111111100
00111111111111111100
00011111111111111110
00011111111111111110
00011111111111111100
00011111111111111100
00011111111111111110
00011111111111111100
00011111100000001000
00000000000000000000
00000000000000000000
00000000000100000000
00000000001100000000
00000000001000000000
00000000001000000000
00000000001000000000
00000000001000000000
00000000000100000000
00000000000100000000
00000000000100000000
00000000000100000000
00000000001100000000
00000000001100000000
00000000001000000000
00000000001000000000
00000000000000000000
00000000001000000000
00000000001000000000
00000000001000000000
00000000001000000000
00000000001000000000
00000000000000000000
00000000011100000000
00000011111111000000
00000111100111100000
00001111110111110000
00011100111111111000
00011100111111001100
00111111110011001100
00111011110011001100
00111001111111111100
00111111111111111100
00111111100111111100
00110011101100011100
00010011111100011100
00010011111111111000
00001111111111111000
00001111110011110000
00000111110111100000
00000001111111000000
00000000000000000000
00000000000000000000
00000000000000000010
00000000000000000110
00000000000000001110
00000000000000011110
00000000000000111010
00000000000000111110
00000000000001111110
00000000000011111110
00000000000110110010
00000000001111110110
00000000011110011110
00000000111110011110
00000001110011111010
00000011110011110010
00000111111110011010
00001111001110011110
00011110001111111110
00011111111111111110
00000000000000000000
00000000000000000000
00111111111111111000
00111111111111111100
00110011110011101100
00111111100011101100
00111011111111111100
00110011111111111100
00111111110011111100
00111111110011001100
00111111111111111100
00111100111111111100
00101100110111111100
00111111110110011100
00111111111111111100
00111110111111111100
00100100110011001100
00111111111011001100
00111111111111111100
00000000000000000000
00000000000000000000
00000000000000000000
00110000000000000000
00110000000000000000
00011000000000000000
00000100000000000000
00000110000000000000
00000010000000000000
00000011000000000000
00000011100000000000
00000001110000000000
00000000111000000000
00000000001100000000
00000000000100000000
00000000000110000000
00000000000010000000
00000000000011000000
00000000000001110000
00000000000000001100
00000000000000000110
00000000000000000000
00000000000000000000
00000000000000000000
00000001111111000000
00000111111111110000
00011111111111111000
00111111110111111100
00111101111111111110
01111111111111111110
01111111111111101111
01111110111111111111
01110111111111111111
01110111111111111111
01111111111111101110
00111111111111111110
00011110001111111100
00001111111111111000
00000111111111110000
00000001111110000000
00000000000000000000
00000000000000000000
00000000000000000000
00000000010000000000
00000000011000000000
00000000111000000000
00000000111100000000
00000001111100000000
00000001111110000000
00000011111110000000
00000011111111000000
00000111111111000000
00000111111111000000
00001111111111100000
00001111111111100000
00011111111111110000
00011111111111110000
00011111111111111000
00111111011111111000
00111111101111111100
01111111111111111100
01111111111111111110
00000000000000000000
00000000010000000000
00000000111000000000
00000001111100000000
00000011111110000000
00000111111111000000
00001011111111100000
00011111111111110000
00111111110111111000
01111111111111111100
11111001111111011110
11111000111111111100
01111000011111111000
00111111111101110000
00011111111111100000
00001111111111000000
00000111011110000000
00000011111100000000
00000001111000000000
00000000110000000000
00000000000001111100
00000000000111100010
00000000011100000010
00000000110000000010
00000001110000000000
00000001110000000000
00000011100000000000
00000011000000000000
00000110000000000000
00000110000000000000
00001100000000000000
00001100000000000000
00001100000000000000
00000100000000000000
00000100000000000000
00000000000000000000
00000010000000000000
00000001000000000000
00000001100000000000
00000000000000000000
00000001111110000000
00000111111111100000
00001111110111110000
00011101111111111000
00111101111111111100
01111101101111100100
01111111111110100110
01111111111111111110
01110000111111111110
11110000111100111110
11110000111111111110
01110000111111111110
01111111110001100110
01111111110001111110
00111110110001111100
00110010110001111100
00011111110001111000
00001111111111110000
00000011111111000000
00000000011000000000
11110000000000000000
01111111111111000000
01101111111111111110
00111101100000000111
00111101111111111110
00011111111001111100
00011110011001111100
00001111111001111000
00001110111111110000
00001110110000110000
00000110110000100000
00000111111111000000
00000011101111000000
00000011111110000000
00000011111100000000
00000001111100000000
00000001111000000000
00000000111000000000
00000000010000000000
00000000000000000000
00000000100000000000
00000001110000000000
00000111111000000000
00001111111110000000
00011111111111100000
01111111100000111000
11101111110000111110
01111111111111111100
00111111011101111000
00111001111111110000
00011001111111100000
00011001110000100000
00001111111111000000
00001111111111000000
00000111111110000000
00000011110100000000
00000001111100000000
00000001111000000000
00000000111000000000
00000000011000000000
00000000000000000000
00000111100000000000
00001111111000000000
00110000011100000000
00000000000110000000
00000000000010000000
00000000000011000000
00000000000011000000
00000000000001100000
00000000000001100000
00000000000001100000
00000000000001100000
00000000000011100000
00000000000011100000
00000000000111100000
00000000000111000000
00000000001110000000
00000000001110000000
00000000011100000000
00000000010000000000
00000100000000000000
00001100000000000000
00011111111110000000
00111111111111000000
01111111111111100000
01111111111111100000
01111111111111100000
01111111111111110000
01111111111111110000
01111111111111110000
01111111111111110000
01111111111111110000
11111111111111110000
01111111111111110000
01111111111111110000
01111111111111100000
01111111111111000000
00011111111110000000
00000111111000000000
00000000000000000000
00000000000000000000
00000000010000000000
00000000011000000000
00000000011000000000
00000000011000000000
00000000111000000000
00000000111000000000
00000000111000000000
00000001111000000000
00000001111100000000
00000011111100000000
00000011111110000000
00000011111110000000
00000111111111000000
00001111111111100000
00001111111111100000
00011111111111110000
00011111111111110000
00111111111111111000
00000000000000000100
00000000000000000000
00000000000000000000
00000000000000000000
00000000000000000000
00000000000000000000
00000000000000000000
00000000111111101110
00000111111111111110
01111111111111111110
01111111111111111110
01111111111111111110
01111111111111111111
00111111111111111111
00111111111111111111
00111111111111111111
00111111111000000000
00011111100000000000
00011110000000000000
00011000000000000000
00010000000000000000
00000000000000000000
00000000001100000000
00000000011100000000
00000000111100000000
00000000111100000000
00000000011100000000
00000000011100000000
00000000001100000000
00000000001100000000
00000000001000000000
00000000001000000000
00000000001000000000
00000000001000000000
00000000011000000000
00000000011000000000
00000000011000000000
00000000011000000000
00000000111000000000
00000000001000000000
00000000000000000000
00000000000000000000
00000001111110000000
00000111111111100000
00001111111111110000
00011111000001111000
00011100000000111100
00111000000000011100
00111000011110001110
01110000111111000110
01110000111111000110
01110001110011000110
01110000111111000110
01110000111111001110
00111000011100001110
00111000000000011100
00011110000000111100
00011111000011111000
00001111111111110000
00000011111111100000
00000000111110000000
00000000000000000000
01000000000000000000
01100000000000000000
01110000000000000000
01111000000000000000
01111100000000000000
01111110000000000000
01111111000000000000
01111111100000000000
01111000110000000000
01110000001000000000
01100000001100000000
01100111000110000000
01100111100111000000
01100111100111100000
01100010001111110000
01110000001111111000
01110000011111111100
01111101111111111110
01111111111111111110
00000000000000000000
00111111111111111100
00111111111111111110
00111111111111111110
00111111100001111110
00111110011110111110
00111110111111011110
00111101111111101110
00111101111111101110
00111101110011111110
00111001110001111110
00111001110001111110
00111101110011101110
00111101111111101110
00111100111111111110
00111110011111011110
00111111000000111110
00111111111111111110
00111111111111111100
00000000000000000000
00000000000000000000
00000000100000000000
00000000100000000000
00000000100000000000
00000000100000000000
00000000100000000000
00000000100000000000
00000000100000000000
00000000100000000000
00000000100000000000
00000000100000000000
00000000110000000000
00000000110000000000
00000000110000000000
00000000110000000000
00000000110000000000
00000000010000000000
00000000010000000000
00000000010000000000
00000000010000000000
00000000000000000000
00000011111110000000
00001111111111100000
00011111111111110000
00111111111111110000
00111111101111111000
01111111000111111100
01111110000011111100
01111110000011111100
01111100000001111100
01111000010000111100
01110000000000011100
01110000000000011100
01100000000000001100
00111111111111111000
00111111111111110000
00011111111111110000
00001111111111100000
00000011111110000000
00000000000000000000
00000000000000000000
00000000000000000001
00000000000000000011
00000000000000000111
00000000000000001111
00000000000000011111
00000000000000111111
00000000000001111111
00000000000011111111
00000000000111011111
00000000001111011111
00000000011111011111
00000000111111001111
00000001111111001111
00000011111111000111
00000111111111000111
00001111111111010111
00011111111111111011
00111111111111000001
00111111111111000001
00000000000000000000
00000000010000000000
00000000111000000000
00000001111100000000
00000011111110000000
00000111001111000000
00001111000111100000
00011110000111110000
00111111111111111000
01111101111001111100
11111000110001111110
11110000000000111110
01110000000000111100
00100000000000011000
00011111111111110000
00001111111111100000
00000111111111000000
00000011111110000000
00000001111100000000
00000000111000000000
00000000000000000000
00000000000000000000
00000000000000000000
00000000000000000000
00000000000000000000
00000000000000000000
00000000000000000010
00000000000000001100
00000000000000011000
00000000000000110000
00000000000001100000
00000000001110000000
00001111111100000000
00111100000000000000
11000000000000000000
00000000000000000000
00000000000000000000
00000000000000000000
00000000000000000000
00000000000000000000
00000000000000000000
00000011111111000000
00001111111111100000
00011111111111111000
00110000000000011000
01110000000000011100
01110011111110011110
11110011111110011110
11110011100110011110
11110011100110011110
11110011111110011110
11110011111110011110
11110011111110011110
01110001111110011110
01110000000000011100
00110000000000011100
00010000000000011000
00001111111111110000
00000111111111000000
00000001111100000000
00000000000000000000
00000000000000000000
00000000000000000110
00000000000000011110
00000000000001111110
00000000000111111110
00000000011111111110
00000001110000000110
00000111110011000110
00111111110111100110
11111111110111100110
01111111110111100110
00001111110000000110
00000011110000000110
00000000110000000110
00000000001111111110
00000000000011111110
00000000000000111110
00000000000000001110
00000000000000000010
00000000000000000000
00111111111111111100
01111111111111111100
01111111111111111100
01110000000000001100
01110000000000001100
01110011111111001100
01110011111111001100
01110011111111001100
01110011000111001100
01110011000111001100
01110011111111001100
01110011111111001100
01110011111111001100
01110000000000001100
01110000000000001100
01111111111111111100
01111111111111111100
00111111111111111100
00000000000000000000
01000000000000000000
00111100000000000000
00000010000000000000
00000001000000000000
00000001000000000000
00000000100000000000
00000000110000000000
00000000010000000000
00000000001000000000
00000000000100000000
00000000000011110000
00000000000000011000
00000000000000001000
00000000000000000100
00000000000000000100
00000000000000000100
00000000000000000100
00000000000000000100
00000000000000000010
00000000000000000001
00000000000000000000
00000011111110000000
00001111111111100000
00011111111111110000
00111111111111111000
00111111111111111000
01111111111111111100
01111111111111111100
01111111111111111100
01111111111111111100
01111111111111111100
01111111111111111100
01111111111111111100
01111111111111111100
00111111111111111000
00111111111111111000
00011111111111110000
00001111111111100000
00000011111110000000
00000000000000000000
00000000000000000000
00000000010000000000
00000000010000000000
00000000111000000000
00000000111000000000
00000001111100000000
00000001111100000000
00000011111110000000
00000111111110000000
00000111111111000000
00001111111111000000
00001111111111100000
00011111111111100000
00011111111111110000
00111111111111110000
00111111111111111000
01111111111111111000
01111111111111111100
11111111111111111100
11111111111111111110
00000000000000000000
01111111111111111110
01111111111111111110
01111111111111111110
01111111111111111110
01111111111111111110
01111111111111111110
01111111111111111110
01111111111111111110
01111111111111111110
01111111111111111110
01111111111111111110
01111111111111111110
01111111111111111110
01111111111111111110
01111111111111111110
01111111111111111110
01111111111111111110
01111111111111111110
01111111111111111110
00000000000000000000
00000000000000000000
00000000000000000000
00000000000000000000
00000000000000000000
00000000000000000000
00000000000000000000
00000000000000000000
11111111111111111111
00000000000000000000
00000000000000000000
00000000000000000000
00000000000000000000
00000000000000000000
00000000000000000000
00000000000000000000
00000000000000000000
00000000000000000000
00000000000000000000
00000000000000000000
00000000000000000000
00000000001100000000
00000011111111100000
00000111111111100000
00001111111111110000
00011111111111111000
00011111111111111100
00011111111111111100
00011111111111111100
00111111111111111100
00111111111111111100
00011111111111111100
00011111111111111100
00011111111111111000
00011111111111110000
00001111111111100000
00000111111110000000
00000011111100000000
00000001110000000000
00000000000000000000
00000000000000000000
00000000000000000000
00000000000000000000
00000000111100000000
00000000111110000000
00000001111110000000
00000001111111000000
00000011111111000000
00000111111111100000
00001111111111100000
00001111111111110000
00011111111111111000
00111111111111111000
00111111111111111100
01111111111111111110
00000011111100000000
00000000000000000000
00000000000000000000
00000000000000000000
00000000000000000000
00000000000000000000
00000000000000000000
00000000000000010000
00000000011111111000
00111111111111111000
00111111111111111000
00111111111111111000
00111111111111110000
00111111111111110000
00111111111111110000
00011111111111110000
00011111111111110000
00011111111111111000
00011111111111111000
00011111111111111100
00011111111111111110
00011111111111111110
00011111111111000000
00000000000000000000
00000000000000000000
00000000000000000000
00000000001100000000
00000000001100000000
00000000001100000000
00000000001100000000
00000000001100000000
00000000001100000000
00000000001100000000
00000000001100000000
00000000001100000000
00000000001100000000
00000000001100000000
00000000001100000000
00000000001000000000
00000000001000000000
00000000001100000000
00000000001100000000
00000000001100000000
00000000001100000000
00000000001100000000
00000000000000000000
00000000010000000000
00000000111100000000
00000001111110000000
00000111111111000000
00001111111111100000
00011111111111110000
00011111111111110000
00111111111111111000
00111111111111111000
00111111111111111000
00111111111111111000
00111111111111111000
00111111111111111000
00011111111111110000
00011111111111110000
00011111111111110000
00001111111111100000
00000001111111000000
00000000000000000000
00000000000000000000
00000000000000000000
00000000000000000000
00000000000000000000
00000110000000000000
00000111100000000000
00000011110000000000
00000011111000000000
00000001111100000000
00000001111111000000
00000000111111100000
00000000111111111000
00000000011111111100
00000000001111111000
00000000001111111000
00000000000111110000
00000000000111100000
00000000000011100000
00000000000011000000
00000000000001000000
00000000000000000000
00000000000000000000
00100000001100000000
00111110011110000000
00111111111111111000
00111111111111111000
00111111111111111000
00111111111111111000
00111111111111111000
00111111111111111000
00111111111111111000
00111111111111111000
00111111111111110000
00111111111111100000
00111111111111100000
00111111111111100000
00111111111111100000
00000001111111100000
00000000000000100000
00000000000000000000
00000000000000000000
00000000000000000000
00000000000000001000
00000000000000110000
00000000000011100000
00000000001110000000
00000000111000000000
00001111100000000000
00011110000000000000
00011100000000000000
00110000000000000000
01100000000000000000
11000000000000000000
10000000000000000000
10000000000000000000
10000000000000000000
10000000000000000000
10000000000000000000
10000000000000000000
00000000000000000000
00000000000000000000
00000000000000000000
00000001111110000000
00000111111111000000
00001111111111100000
00011111111111110000
00011111111111110000
00011111111111110000
00011111111111111000
00111111111111111000
00011111111111111000
00011111111111111000
00011111111111110000
00011111111111110000
00001111111111100000
00000111111111000000
00000111111111000000
00000001111110000000
00000001100000000000
00000000000000000000
00000000000000000000
00000000000000001000
00000000000000111100
00000000000011111000
00000000001111111000
00000000111111110000
00000001111111110000
00000011111111110000
00000111111111100000
00011111111111100000
00111111111111100000
00111111111111000000
00011111111111000000
00001111111110000000
00001111111000000000
00000011110000000000
00000011100000000000
00000001100000000000
00000000100000000000
00000000000000000000
00000000000000000000
00000000000000000000
00001000110011111000
00001111111111111000
00001111111111111000
00001111111111111000
00000111111111111000
00000111111111111100
00001111111111111100
00011111111111111100
00001111111111111100
00001111111111111100
00000111111111111100
00000111111111111100
00000111111111111100
00000111111111111100
00000111111111111100
00000000000000000000
00000000000000000000
00000000000000000000
00000000000000000000
00000000010000000000
00000000010000000000
00000000010000000000
00000000010000000000
00000000010000000000
00000000010000000000
00000000010000000000
00000000100000000000
00000001100000000000
00000001000000000000
00000000100000000000
00000000100000000000
00000000100000000000
00000000110000000000
00000000110000000000
00000000100000000000
00000000000000000000
00000000000000000000
00000000000000000000
00000000111100000000
00000111111111100000
00001111111111110000
00011111111111111000
00111111111111111100
01111111111111111100
01111111111111111110
01111110111111111110
11111111111111111110
11111111111111111111
11111111111111111111
11111111111111111111
11111111111111111110
01111111111111111110
01111111111111111110
00111111111111111100
00111111111111111000
00011111111111111000
00000111111111100000
00000011111110000000
00000000000000000000
11111111111111111110
11111111111111111100
01111111111111111100
01111111111111111000
00111101111111111000
00111111111111110000
00011111111111110000
00011111111111100000
00001111111111100000
00001111111111000000
00000111111111000000
00000111111110000000
00000011111110000000
00000011111100000000
00000001111100000000
00000001111000000000
00000000111000000000
00000000110000000000
00000000010000000000
00000000000000000000
01111111111111111100
01111111111111111100
01111111111111111100
01111111111111111100
01111111011111111100
01111111111111111100
01111111111111111100
01111111111111111100
01101111101111111100
01111111111111111100
01111111111111111100
01111110111111111100
01111111111111111100
01111111111111111100
01111111111111111100
01111111111111111100
01111111111111111100
00000000000000000000
00000000000000000000
00000000000000000000
00000000001000000000
00000000011000000000
00000000011000000000
00000000011000000000
00000000011000000000
00000000001000000000
00000000000100000000
00000000000100000000
00000000001000000000
00000000001000000000
00000000011000000000
00000000100000000000
00000000100000000000
00000000010000000000
00000000000000000000
00000000000000000000
00000000000000000000
00000000001000000000
00000000001000000000
